1 0.5 0.808984
1 1.5 0
1 2.5 0
1 3.5 0
1 4.5 0.190766
1 5.5 0
1 6.5 0
1 7.5 0
1 8.5 0
1 9.5 0
1 10.5 0
1 11.5 0
1 12.5 0
1 13.5 0
1 14.5 0
1 15.5 0

2 0.5 0.763264
2 1.5 0
2 2.5 0
2 3.5 0
2 4.5 0.236444
2 5.5 0
2 6.5 0
2 7.5 0
2 8.5 0
2 9.5 0
2 10.5 0
2 11.5 0
2 12.5 0
2 13.5 0
2 14.5 0
2 15.5 0

3 0.5 0.761901
3 1.5 0
3 2.5 0
3 3.5 0
3 4.5 0.237849
3 5.5 0
3 6.5 0
3 7.5 0
3 8.5 0
3 9.5 0
3 10.5 0
3 11.5 0
3 12.5 0
3 13.5 0
3 14.5 0
3 15.5 0

4 0.5 0.760464
4 1.5 0
4 2.5 0
4 3.5 0
4 4.5 0.239307
4 5.5 0
4 6.5 0
4 7.5 0
4 8.5 0
4 9.5 0
4 10.5 0
4 11.5 0
4 12.5 0
4 13.5 0
4 14.5 0
4 15.5 0

5 0.5 0.756084
5 1.5 0
5 2.5 0
5 3.5 0
5 4.5 0.243649
5 5.5 0
5 6.5 0
5 7.5 0
5 8.5 0
5 9.5 0
5 10.5 0
5 11.5 0
5 12.5 0
5 13.5 0
5 14.5 0
5 15.5 0

6 0.5 0.755588
6 1.5 0
6 2.5 0
6 3.5 0
6 4.5 0.244259
6 5.5 0
6 6.5 0
6 7.5 0
6 8.5 0
6 9.5 0
6 10.5 0
6 11.5 0
6 12.5 0
6 13.5 0
6 14.5 0
6 15.5 0

7 0.5 0.760975
7 1.5 0
7 2.5 0
7 3.5 0
7 4.5 0.238763
7 5.5 0
7 6.5 0
7 7.5 0
7 8.5 0
7 9.5 0
7 10.5 0
7 11.5 0
7 12.5 0
7 13.5 0
7 14.5 0
7 15.5 0

8 0.5 0.754756
8 1.5 0
8 2.5 0
8 3.5 0
8 4.5 0.244994
8 5.5 0
8 6.5 0
8 7.5 0
8 8.5 0
8 9.5 0
8 10.5 0
8 11.5 0
8 12.5 1.04288e-05
8 13.5 0
8 14.5 0
8 15.5 0

9 0.5 0.761089
9 1.5 0
9 2.5 0
9 3.5 0
9 4.5 0.238707
9 5.5 0
9 6.5 0
9 7.5 0
9 8.5 1.85432e-05
9 9.5 0
9 10.5 0
9 11.5 0
9 12.5 9.27162e-06
9 13.5 0
9 14.5 0
9 15.5 0

10 0.5 0.757152
10 1.5 0
10 2.5 0
10 3.5 0
10 4.5 0.242706
10 5.5 0
10 6.5 0
10 7.5 0
10 8.5 0
10 9.5 0
10 10.5 0
10 11.5 0
10 12.5 8.34585e-06
10 13.5 0
10 14.5 0
10 15.5 0

11 0.5 0.76198
11 1.5 0
11 2.5 0
11 3.5 0
11 4.5 0.237822
11 5.5 0
11 6.5 0
11 7.5 0
11 8.5 0
11 9.5 0
11 10.5 0
11 11.5 0
11 12.5 7.58967e-06
11 13.5 0
11 14.5 0
11 15.5 0

12 0.5 0.75524
12 1.5 0
12 2.5 0
12 3.5 0
12 4.5 0.244572
12 5.5 0
12 6.5 0
12 7.5 0
12 8.5 0
12 9.5 0
12 10.5 0
12 11.5 0
12 12.5 0
12 13.5 0
12 14.5 0
12 15.5 0

13 0.5 0.757479
13 1.5 0
13 2.5 0
13 3.5 0
13 4.5 0.242335
13 5.5 0
13 6.5 0
13 7.5 0
13 8.5 6.42525e-06
13 9.5 0
13 10.5 0
13 11.5 0
13 12.5 0
13 13.5 0
13 14.5 0
13 15.5 0

14 0.5 0.755588
14 1.5 0
14 2.5 0
14 3.5 0
14 4.5 0.244221
14 5.5 0
14 6.5 0
14 7.5 0
14 8.5 0
14 9.5 0
14 10.5 0
14 11.5 0
14 12.5 0
14 13.5 0
14 14.5 0
14 15.5 0

15 0.5 0.754947
15 1.5 0
15 2.5 0
15 3.5 0
15 4.5 0.244847
15 5.5 0
15 6.5 0
15 7.5 0
15 8.5 0
15 9.5 0
15 10.5 0
15 11.5 0
15 12.5 5.56901e-06
15 13.5 0
15 14.5 0
15 15.5 0

16 0.5 0.755437
16 1.5 0
16 2.5 0
16 3.5 0
16 4.5 0.244328
16 5.5 0
16 6.5 0
16 7.5 0
16 8.5 0
16 9.5 0
16 10.5 0
16 11.5 0
16 12.5 1.04454e-05
16 13.5 0
16 14.5 0
16 15.5 0

17 0.5 0.756766
17 1.5 0
17 2.5 0
17 3.5 0
17 4.5 0.243003
17 5.5 0
17 6.5 0
17 7.5 0
17 8.5 0
17 9.5 0
17 10.5 0
17 11.5 0
17 12.5 1.96652e-05
17 13.5 0
17 14.5 0
17 15.5 0

18 0.5 0.753838
18 1.5 0
18 2.5 0
18 3.5 0
18 4.5 0.245957
18 5.5 0
18 6.5 0
18 7.5 0
18 8.5 1.85758e-05
18 9.5 0
18 10.5 0
18 11.5 0
18 12.5 4.64395e-06
18 13.5 0
18 14.5 0
18 15.5 0

19 0.5 0.75779
19 1.5 0
19 2.5 0
19 3.5 0
19 4.5 0.242016
19 5.5 0
19 6.5 0
19 7.5 0
19 8.5 0
19 9.5 0
19 10.5 0
19 11.5 0
19 12.5 8.80138e-06
19 13.5 0
19 14.5 0
19 15.5 0

20 0.5 0.754461
20 1.5 0
20 2.5 0
20 3.5 0
20 4.5 0.245351
20 5.5 0
20 6.5 0
20 7.5 0
20 8.5 0
20 9.5 0
20 10.5 0
20 11.5 0
20 12.5 1.25418e-05
20 13.5 0
20 14.5 0
20 15.5 0

21 0.5 0.756642
21 1.5 0
21 2.5 0
21 3.5 0
21 4.5 0.243147
21 5.5 0
21 6.5 0
21 7.5 0
21 8.5 3.98425e-06
21 9.5 0
21 10.5 0
21 11.5 0
21 12.5 1.99213e-05
21 13.5 0
21 14.5 0
21 15.5 0

22 0.5 0.755169
22 1.5 0
22 2.5 0
22 3.5 0
22 4.5 0.244663
22 5.5 0
22 6.5 0
22 7.5 0
22 8.5 0
22 9.5 0
22 10.5 0
22 11.5 0
22 12.5 0
22 13.5 0
22 14.5 0
22 15.5 0

23 0.5 0.753339
23 1.5 0
23 2.5 0
23 3.5 0
23 4.5 0.246472
23 5.5 0
23 6.5 0
23 7.5 0
23 8.5 0
23 9.5 0
23 10.5 0
23 11.5 0
23 12.5 7.27625e-06
23 13.5 0
23 14.5 0
23 15.5 0

24 0.5 0.754465
24 1.5 0
24 2.5 0
24 3.5 0
24 4.5 0.245326
24 5.5 0
24 6.5 0
24 7.5 0
24 8.5 0
24 9.5 0
24 10.5 0
24 11.5 0
24 12.5 3.48821e-06
24 13.5 0
24 14.5 0
24 15.5 0

25 0.5 0.754578
25 1.5 0
25 2.5 0
25 3.5 0
25 4.5 0.245251
25 5.5 0
25 6.5 0
25 7.5 0
25 8.5 0
25 9.5 0
25 10.5 0
25 11.5 0
25 12.5 6.69736e-06
25 13.5 0
25 14.5 0
25 15.5 0

26 0.5 0.753001
26 1.5 0
26 2.5 0
26 3.5 0
26 4.5 0.246806
26 5.5 0
26 6.5 0
26 7.5 0
26 8.5 0
26 9.5 0
26 10.5 0
26 11.5 0
26 12.5 9.66451e-06
26 13.5 0
26 14.5 0
26 15.5 0

27 0.5 0.753214
27 1.5 0
27 2.5 0
27 3.5 0
27 4.5 0.246588
27 5.5 0
27 6.5 0
27 7.5 0
27 8.5 0
27 9.5 0
27 10.5 0
27 11.5 0
27 12.5 3.1022e-06
27 13.5 0
27 14.5 0
27 15.5 0

28 0.5 0.754101
28 1.5 0
28 2.5 0
28 3.5 0
28 4.5 0.245702
28 5.5 0
28 6.5 0
28 7.5 0
28 8.5 0
28 9.5 0
28 10.5 0
28 11.5 0
28 12.5 0
28 13.5 0
28 14.5 0
28 15.5 0

29 0.5 0.755731
29 1.5 0
29 2.5 0
29 3.5 0
29 4.5 0.244072
29 5.5 0
29 6.5 0
29 7.5 0
29 8.5 2.88921e-06
29 9.5 0
29 10.5 0
29 11.5 0
29 12.5 5.77843e-06
29 13.5 0
29 14.5 0
29 15.5 0

30 0.5 0.754019
30 1.5 0
30 2.5 0
30 3.5 0
30 4.5 0.245763
30 5.5 0
30 6.5 0
30 7.5 0
30 8.5 5.58628e-06
30 9.5 0
30 10.5 0
30 11.5 0
30 12.5 2.79314e-06
30 13.5 0
30 14.5 0
30 15.5 0

31 0.5 0.75599
31 1.5 0
31 2.5 0
31 3.5 0
31 4.5 0.243812
31 5.5 0
31 6.5 0
31 7.5 0
31 8.5 2.70467e-06
31 9.5 0
31 10.5 0
31 11.5 0
31 12.5 5.40934e-06
31 13.5 0
31 14.5 0
31 15.5 0

32 0.5 0.75436
32 1.5 0
32 2.5 0
32 3.5 0
32 4.5 0.245441
32 5.5 0
32 6.5 0
32 7.5 0
32 8.5 0
32 9.5 0
32 10.5 0
32 11.5 0
32 12.5 2.62055e-06
32 13.5 0
32 14.5 0
32 15.5 0

33 0.5 0.756088
33 1.5 0
33 2.5 0
33 3.5 0
33 4.5 0.243711
33 5.5 0
33 6.5 0
33 7.5 0
33 8.5 5.08271e-06
33 9.5 0
33 10.5 0
33 11.5 0
33 12.5 7.62406e-06
33 13.5 0
33 14.5 0
33 15.5 0

34 0.5 0.754247
34 1.5 0
34 2.5 0
34 3.5 0
34 4.5 0.245541
34 5.5 0
34 6.5 0
34 7.5 0
34 8.5 0
34 9.5 0
34 10.5 0
34 11.5 0
34 12.5 0
34 13.5 0
34 14.5 0
34 15.5 0

35 0.5 0.75493
35 1.5 0
35 2.5 0
35 3.5 0
35 4.5 0.244818
35 5.5 0
35 6.5 0
35 7.5 0
35 8.5 2.39714e-06
35 9.5 0
35 10.5 0
35 11.5 0
35 12.5 1.19857e-05
35 13.5 0
35 14.5 0
35 15.5 0

36 0.5 0.755485
36 1.5 0
36 2.5 0
36 3.5 0
36 4.5 0.244345
36 5.5 0
36 6.5 0
36 7.5 0
36 8.5 0
36 9.5 0
36 10.5 0
36 11.5 0
36 12.5 6.99341e-06
36 13.5 0
36 14.5 0
36 15.5 0

37 0.5 0.754594
37 1.5 0
37 2.5 0
37 3.5 0
37 4.5 0.245211
37 5.5 0
37 6.5 0
37 7.5 0
37 8.5 2.26852e-06
37 9.5 0
37 10.5 0
37 11.5 0
37 12.5 4.53703e-06
37 13.5 0
37 14.5 0
37 15.5 0

38 0.5 0.754143
38 1.5 0
38 2.5 0
38 3.5 0
38 4.5 0.245645
38 5.5 0
38 6.5 0
38 7.5 0
38 8.5 4.41876e-06
38 9.5 0
38 10.5 0
38 11.5 0
38 12.5 6.62814e-06
38 13.5 0
38 14.5 0
38 15.5 0

39 0.5 0.753093
39 1.5 0
39 2.5 0
39 3.5 0
39 4.5 0.246692
39 5.5 0
39 6.5 0
39 7.5 0
39 8.5 0
39 9.5 0
39 10.5 0
39 11.5 0
39 12.5 1.07664e-05
39 13.5 0
39 14.5 0
39 15.5 0

40 0.5 0.75446
40 1.5 0
40 2.5 0
40 3.5 0
40 4.5 0.245347
40 5.5 0
40 6.5 0
40 7.5 0
40 8.5 2.09908e-06
40 9.5 0
40 10.5 0
40 11.5 0
40 12.5 2.09908e-06
40 13.5 0
40 14.5 0
40 15.5 0

41 0.5 0.75345
41 1.5 0
41 2.5 0
41 3.5 0
41 4.5 0.246347
41 5.5 0
41 6.5 0
41 7.5 0
41 8.5 8.19497e-06
41 9.5 0
41 10.5 0
41 11.5 0
41 12.5 2.04874e-05
41 13.5 0
41 14.5 0
41 15.5 0

42 0.5 0.755734
42 1.5 0
42 2.5 0
42 3.5 0
42 4.5 0.244082
42 5.5 0
42 6.5 0
42 7.5 0
42 8.5 2.00047e-06
42 9.5 0
42 10.5 0
42 11.5 0
42 12.5 4.00094e-06
42 13.5 0
42 14.5 0
42 15.5 0

43 0.5 0.756142
43 1.5 0
43 2.5 0
43 3.5 0
43 4.5 0.243665
43 5.5 0
43 6.5 0
43 7.5 0
43 8.5 3.90892e-06
43 9.5 0
43 10.5 0
43 11.5 0
43 12.5 5.86338e-06
43 13.5 0
43 14.5 0
43 15.5 0

44 0.5 0.754618
44 1.5 0
44 2.5 0
44 3.5 0
44 4.5 0.245208
44 5.5 0
44 6.5 0
44 7.5 0
44 8.5 1.91018e-06
44 9.5 0
44 10.5 0
44 11.5 0
44 12.5 1.91018e-06
44 13.5 0
44 14.5 0
44 15.5 0

45 0.5 0.754854
45 1.5 0
45 2.5 0
45 3.5 0
45 4.5 0.244972
45 5.5 0
45 6.5 0
45 7.5 0
45 8.5 0
45 9.5 0
45 10.5 0
45 11.5 0
45 12.5 5.6065e-06
45 13.5 0
45 14.5 0
45 15.5 0

46 0.5 0.755685
46 1.5 0
46 2.5 0
46 3.5 0
46 4.5 0.244145
46 5.5 0
46 6.5 0
46 7.5 0
46 8.5 0
46 9.5 0
46 10.5 0
46 11.5 0
46 12.5 0
46 13.5 0
46 14.5 0
46 15.5 0

47 0.5 0.754001
47 1.5 0
47 2.5 0
47 3.5 0
47 4.5 0.245811
47 5.5 0
47 6.5 0
47 7.5 0
47 8.5 3.57955e-06
47 9.5 0
47 10.5 0
47 11.5 0
47 12.5 3.57955e-06
47 13.5 0
47 14.5 0
47 15.5 0

48 0.5 0.755014
48 1.5 0
48 2.5 0
48 3.5 0
48 4.5 0.244788
48 5.5 0
48 6.5 0
48 7.5 0
48 8.5 3.50525e-06
48 9.5 0
48 10.5 0
48 11.5 0
48 12.5 5.25788e-06
48 13.5 0
48 14.5 0
48 15.5 0

49 0.5 0.754437
49 1.5 0
49 2.5 0
49 3.5 0
49 4.5 0.245376
49 5.5 0
49 6.5 0
49 7.5 0
49 8.5 5.15055e-06
49 9.5 0
49 10.5 0
49 11.5 0
49 12.5 5.15055e-06
49 13.5 0
49 14.5 0
49 15.5 0

50 0.5 0.755232
50 1.5 0
50 2.5 0
50 3.5 0
50 4.5 0.244593
50 5.5 0
50 6.5 0
50 7.5 0
50 8.5 3.36617e-06
50 9.5 0
50 10.5 0
50 11.5 0
50 12.5 1.00985e-05
50 13.5 0
50 14.5 0
50 15.5 0

51 0.5 0.756132
51 1.5 0
51 2.5 0
51 3.5 0
51 4.5 0.243685
51 5.5 0
51 6.5 0
51 7.5 0
51 8.5 3.30156e-06
51 9.5 0
51 10.5 0
51 11.5 0
51 12.5 1.65078e-06
51 13.5 0
51 14.5 0
51 15.5 0

52 0.5 0.755192
52 1.5 0
52 2.5 0
52 3.5 0
52 4.5 0.244624
52 5.5 0
52 6.5 0
52 7.5 0
52 8.5 1.6193e-06
52 9.5 0
52 10.5 0
52 11.5 0
52 12.5 4.85791e-06
52 13.5 0
52 14.5 0
52 15.5 0

53 0.5 0.756307
53 1.5 0
53 2.5 0
53 3.5 0
53 4.5 0.243537
53 5.5 0
53 6.5 0
53 7.5 0
53 8.5 1.58928e-06
53 9.5 0
53 10.5 0
53 11.5 0
53 12.5 3.17856e-06
53 13.5 0
53 14.5 0
53 15.5 0

54 0.5 0.755212
54 1.5 0
54 2.5 0
54 3.5 0
54 4.5 0.244593
54 5.5 0
54 6.5 0
54 7.5 0
54 8.5 3.12023e-06
54 9.5 0
54 10.5 0
54 11.5 0
54 12.5 9.3607e-06
54 13.5 0
54 14.5 0
54 15.5 0

55 0.5 0.754147
55 1.5 0
55 2.5 0
55 3.5 0
55 4.5 0.245663
55 5.5 0
55 6.5 0
55 7.5 0
55 8.5 1.53227e-06
55 9.5 0
55 10.5 0
55 11.5 0
55 12.5 1.53227e-06
55 13.5 0
55 14.5 0
55 15.5 0

56 0.5 0.754044
56 1.5 0
56 2.5 0
56 3.5 0
56 4.5 0.245804
56 5.5 0
56 6.5 0
56 7.5 0
56 8.5 1.50503e-06
56 9.5 0
56 10.5 0
56 11.5 0
56 12.5 3.01006e-06
56 13.5 0
56 14.5 0
56 15.5 0

57 0.5 0.754683
57 1.5 0
57 2.5 0
57 3.5 0
57 4.5 0.245121
57 5.5 0
57 6.5 0
57 7.5 0
57 8.5 1.47901e-06
57 9.5 0
57 10.5 0
57 11.5 0
57 12.5 1.03531e-05
57 13.5 0
57 14.5 0
57 15.5 0

58 0.5 0.753266
58 1.5 0
58 2.5 0
58 3.5 0
58 4.5 0.246566
58 5.5 0
58 6.5 0
58 7.5 0
58 8.5 0
58 9.5 0
58 10.5 0
58 11.5 0
58 12.5 4.3616e-06
58 13.5 0
58 14.5 0
58 15.5 0

59 0.5 0.754964
59 1.5 0
59 2.5 0
59 3.5 0
59 4.5 0.244864
59 5.5 0
59 6.5 0
59 7.5 0
59 8.5 5.71883e-06
59 9.5 0
59 10.5 0
59 11.5 0
59 12.5 2.85941e-06
59 13.5 0
59 14.5 0
59 15.5 0

60 0.5 0.755
60 1.5 0
60 2.5 0
60 3.5 0
60 4.5 0.244807
60 5.5 0
60 6.5 0
60 7.5 0
60 8.5 2.81202e-06
60 9.5 0
60 10.5 0
60 11.5 0
60 12.5 4.21803e-06
60 13.5 0
60 14.5 0
60 15.5 0

61 0.5 0.756021
61 1.5 0
61 2.5 0
61 3.5 0
61 4.5 0.243827
61 5.5 0
61 6.5 0
61 7.5 0
61 8.5 5.53227e-06
61 9.5 0
61 10.5 0
61 11.5 0
61 12.5 4.14921e-06
61 13.5 0
61 14.5 0
61 15.5 0

62 0.5 0.754323
62 1.5 0
62 2.5 0
62 3.5 0
62 4.5 0.245511
62 5.5 0
62 6.5 0
62 7.5 0
62 8.5 5.44534e-06
62 9.5 0
62 10.5 0
62 11.5 0
62 12.5 6.80668e-06
62 13.5 0
62 14.5 0
62 15.5 0

63 0.5 0.754981
63 1.5 0
63 2.5 0
63 3.5 0
63 4.5 0.244834
63 5.5 0
63 6.5 0
63 7.5 0
63 8.5 4.01985e-06
63 9.5 0
63 10.5 0
63 11.5 0
63 12.5 6.69975e-06
63 13.5 0
63 14.5 0
63 15.5 0

64 0.5 0.755499
64 1.5 0
64 2.5 0
64 3.5 0
64 4.5 0.244328
64 5.5 0
64 6.5 0
64 7.5 0
64 8.5 3.95739e-06
64 9.5 0
64 10.5 0
64 11.5 0
64 12.5 1.18722e-05
64 13.5 0
64 14.5 0
64 15.5 0

65 0.5 0.755648
65 1.5 0
65 2.5 0
65 3.5 0
65 4.5 0.244171
65 5.5 0
65 6.5 0
65 7.5 0
65 8.5 1.29906e-06
65 9.5 0
65 10.5 0
65 11.5 0
65 12.5 5.19624e-06
65 13.5 0
65 14.5 0
65 15.5 0

66 0.5 0.754726
66 1.5 0
66 2.5 0
66 3.5 0
66 4.5 0.245094
66 5.5 0
66 6.5 0
66 7.5 0
66 8.5 0
66 9.5 0
66 10.5 0
66 11.5 0
66 12.5 1.15182e-05
66 13.5 0
66 14.5 0
66 15.5 0

67 0.5 0.754355
67 1.5 0
67 2.5 0
67 3.5 0
67 4.5 0.245455
67 5.5 0
67 6.5 0
67 7.5 0
67 8.5 5.04364e-06
67 9.5 0
67 10.5 0
67 11.5 0
67 12.5 1.00873e-05
67 13.5 0
67 14.5 0
67 15.5 0

68 0.5 0.755162
68 1.5 0
68 2.5 0
68 3.5 0
68 4.5 0.244653
68 5.5 0
68 6.5 0
68 7.5 0
68 8.5 4.97073e-06
68 9.5 0
68 10.5 0
68 11.5 0
68 12.5 2.48536e-06
68 13.5 0
68 14.5 0
68 15.5 0

69 0.5 0.755613
69 1.5 0
69 2.5 0
69 3.5 0
69 4.5 0.244222
69 5.5 0
69 6.5 0
69 7.5 0
69 8.5 4.89748e-06
69 9.5 0
69 10.5 0
69 11.5 0
69 12.5 6.12185e-06
69 13.5 0
69 14.5 0
69 15.5 0

70 0.5 0.75572
70 1.5 0
70 2.5 0
70 3.5 0
70 4.5 0.244079
70 5.5 0
70 6.5 0
70 7.5 0
70 8.5 3.62185e-06
70 9.5 0
70 10.5 0
70 11.5 0
70 12.5 4.82913e-06
70 13.5 0
70 14.5 0
70 15.5 0

71 0.5 0.754497
71 1.5 0
71 2.5 0
71 3.5 0
71 4.5 0.245326
71 5.5 0
71 6.5 0
71 7.5 0
71 8.5 0
71 9.5 0
71 10.5 0
71 11.5 0
71 12.5 9.52703e-06
71 13.5 0
71 14.5 0
71 15.5 0

72 0.5 0.754247
72 1.5 0
72 2.5 0
72 3.5 0
72 4.5 0.245539
72 5.5 0
72 6.5 0
72 7.5 0
72 8.5 5.8722e-06
72 9.5 0
72 10.5 0
72 11.5 0
72 12.5 8.22108e-06
72 13.5 0
72 14.5 0
72 15.5 0

73 0.5 0.753844
73 1.5 0
73 2.5 0
73 3.5 0
73 4.5 0.245969
73 5.5 0
73 6.5 0
73 7.5 0
73 8.5 4.63539e-06
73 9.5 0
73 10.5 0
73 11.5 0
73 12.5 5.79423e-06
73 13.5 0
73 14.5 0
73 15.5 0

74 0.5 0.75409
74 1.5 0
74 2.5 0
74 3.5 0
74 4.5 0.245719
74 5.5 0
74 6.5 0
74 7.5 0
74 8.5 5.71544e-06
74 9.5 0
74 10.5 0
74 11.5 0
74 12.5 9.1447e-06
74 13.5 0
74 14.5 0
74 15.5 0

75 0.5 0.753709
75 1.5 0
75 2.5 0
75 3.5 0
75 4.5 0.246094
75 5.5 0
75 6.5 0
75 7.5 0
75 8.5 5.64263e-06
75 9.5 0
75 10.5 0
75 11.5 0
75 12.5 2.25705e-06
75 13.5 0
75 14.5 0
75 15.5 0

76 0.5 0.755279
76 1.5 0
76 2.5 0
76 3.5 0
76 4.5 0.244558
76 5.5 0
76 6.5 0
76 7.5 0
76 8.5 2.22752e-06
76 9.5 0
76 10.5 0
76 11.5 0
76 12.5 3.34128e-06
76 13.5 0
76 14.5 0
76 15.5 0

77 0.5 0.755411
77 1.5 0
77 2.5 0
77 3.5 0
77 4.5 0.244402
77 5.5 0
77 6.5 0
77 7.5 0
77 8.5 3.29816e-06
77 9.5 0
77 10.5 0
77 11.5 0
77 12.5 2.19878e-06
77 13.5 0
77 14.5 0
77 15.5 0

78 0.5 0.754666
78 1.5 0
78 2.5 0
78 3.5 0
78 4.5 0.245179
78 5.5 0
78 6.5 0
78 7.5 0
78 8.5 3.25727e-06
78 9.5 0
78 10.5 0
78 11.5 0
78 12.5 1.08576e-06
78 13.5 0
78 14.5 0
78 15.5 0

79 0.5 0.753101
79 1.5 0
79 2.5 0
79 3.5 0
79 4.5 0.246726
79 5.5 0
79 6.5 0
79 7.5 0
79 8.5 4.28914e-06
79 9.5 0
79 10.5 0
79 11.5 0
79 12.5 3.21685e-06
79 13.5 0
79 14.5 0
79 15.5 0

80 0.5 0.754041
80 1.5 0
80 2.5 0
80 3.5 0
80 4.5 0.245789
80 5.5 0
80 6.5 0
80 7.5 0
80 8.5 0
80 9.5 0
80 10.5 0
80 11.5 0
80 12.5 5.29674e-06
80 13.5 0
80 14.5 0
80 15.5 0

