1 0.5 0
1 1.5 0
1 2.5 0
1 3.5 0
1 4.5 0
1 5.5 0
1 6.5 0
1 7.5 0
1 8.5 0
1 9.5 0
1 10.5 0
1 11.5 0
1 12.5 0
1 13.5 0
1 14.5 0
1 15.5 0
1 16.5 0
1 17.5 0
1 18.5 5.35993e-14
1 19.5 0.134666
1 20.5 0.134666
1 21.5 0.346996
1 22.5 0.346996
1 23.5 0.0180883
1 24.5 0.0180883
1 25.5 7.19941e-15
1 26.5 0
1 27.5 0
1 28.5 0
1 29.5 0
1 30.5 6.60496e-17
1 31.5 0.000165948
1 32.5 0.000165948
1 33.5 6.60496e-17
1 34.5 0
1 35.5 0
1 36.5 0
1 37.5 0
1 38.5 0
1 39.5 0

2 0.5 0
2 1.5 0
2 2.5 0
2 3.5 0
2 4.5 0
2 5.5 0
2 6.5 0
2 7.5 0
2 8.5 0
2 9.5 0
2 10.5 0
2 11.5 0
2 12.5 0
2 13.5 0
2 14.5 0
2 15.5 0
2 16.5 0
2 17.5 0
2 18.5 1.57353e-17
2 19.5 0.141731
2 20.5 0.141731
2 21.5 0.334412
2 22.5 0.334412
2 23.5 0.015144
2 24.5 0.0151855
2 25.5 4.14903e-05
2 26.5 0.000248942
2 27.5 0.000248942
2 28.5 0.00277985
2 29.5 0.00825658
2 30.5 0.00547672
2 31.5 6.08038e-19
2 32.5 0
2 33.5 0
2 34.5 0
2 35.5 0
2 36.5 0
2 37.5 0
2 38.5 0
2 39.5 0

3 0.5 0
3 1.5 0
3 2.5 0
3 3.5 0
3 4.5 0
3 5.5 0
3 6.5 0
3 7.5 0
3 8.5 0
3 9.5 0
3 10.5 0
3 11.5 0
3 12.5 0
3 13.5 0
3 14.5 0
3 15.5 0
3 16.5 0
3 17.5 0
3 18.5 0
3 19.5 0.135111
3 20.5 0.135111
3 21.5 0.328594
3 22.5 0.328594
3 23.5 0.017207
3 24.5 0.0176773
3 25.5 0.000470289
3 26.5 0.00102357
3 27.5 0.00102357
3 28.5 0.00428793
3 29.5 0.0157132
3 30.5 0.0114253
3 31.5 0.00160451
3 32.5 0.00160451
3 33.5 0
3 34.5 2.7664e-05
3 35.5 2.7664e-05
3 36.5 8.29921e-05
3 37.5 8.29921e-05
3 38.5 0
3 39.5 0

4 0.5 0
4 1.5 0
4 2.5 0
4 3.5 0
4 4.5 0
4 5.5 0
4 6.5 0
4 7.5 0
4 8.5 0
4 9.5 0
4 10.5 0
4 11.5 0
4 12.5 0
4 13.5 0
4 14.5 0
4 15.5 0
4 16.5 0
4 17.5 0
4 18.5 0
4 19.5 0.130638
4 20.5 0.130638
4 21.5 0.320692
4 22.5 0.320692
4 23.5 0.0175926
4 24.5 0.0182772
4 25.5 0.000684619
4 26.5 0.00151446
4 27.5 0.00151446
4 28.5 0.00682544
4 29.5 0.0267831
4 30.5 0.0199577
4 31.5 0.00174267
4 32.5 0.00174267
4 33.5 2.0746e-05
4 34.5 6.22381e-05
4 35.5 4.14921e-05
4 36.5 0.000165968
4 37.5 0.000165968
4 38.5 2.0746e-05
4 39.5 2.0746e-05

5 0.5 0
5 1.5 0
5 2.5 0
5 3.5 0
5 4.5 0
5 5.5 0
5 6.5 0
5 7.5 0
5 8.5 0
5 9.5 0
5 10.5 0
5 11.5 0
5 12.5 0
5 13.5 0
5 14.5 0
5 15.5 0
5 16.5 0
5 17.5 1.16056e-08
5 18.5 0.0208327
5 19.5 0.227366
5 20.5 0.206534
5 21.5 0.219747
5 22.5 0.219747
5 23.5 0.00315407
5 24.5 0.0054281
5 25.5 0.00227417
5 26.5 0.0139936
5 27.5 0.0139936
5 28.5 0.0184921
5 29.5 0.0307593
5 30.5 0.0122672
5 31.5 0.00137778
5 32.5 0.00137778
5 33.5 0.000199198
5 34.5 0.000912984
5 35.5 0.000713788
5 36.5 0.000315395
5 37.5 0.000315394
5 38.5 1.75703e-10
5 39.5 0

6 0.5 0
6 1.5 0
6 2.5 0
6 3.5 0
6 4.5 0
6 5.5 0
6 6.5 0
6 7.5 0
6 8.5 0
6 9.5 0
6 10.5 0
6 11.5 0
6 12.5 0
6 13.5 0
6 14.5 0
6 15.5 0
6 16.5 0
6 17.5 0
6 18.5 0
6 19.5 0.129223
6 20.5 0.129223
6 21.5 0.314293
6 22.5 0.314293
6 23.5 0.0165869
6 24.5 0.0174584
6 25.5 0.000871538
6 26.5 0.00203359
6 27.5 0.00203359
6 28.5 0.0105276
6 29.5 0.0330354
6 30.5 0.0225078
6 31.5 0.00192292
6 32.5 0.00192292
6 33.5 4.15018e-05
6 34.5 9.68376e-05
6 35.5 5.53357e-05
6 36.5 0.000428852
6 37.5 0.000428852
6 38.5 2.76679e-05
6 39.5 2.76679e-05

7 0.5 0
7 1.5 0
7 2.5 0
7 3.5 0
7 4.5 0
7 5.5 0
7 6.5 0
7 7.5 0
7 8.5 0
7 9.5 0
7 10.5 0
7 11.5 0
7 12.5 0
7 13.5 0
7 14.5 0
7 15.5 0
7 16.5 0
7 17.5 0
7 18.5 0
7 19.5 0.0709661
7 20.5 0.0709661
7 21.5 0.296376
7 22.5 0.296376
7 23.5 0.0839876
7 24.5 0.0887313
7 25.5 0.00474372
7 26.5 0.00330875
7 27.5 0.00330875
7 28.5 0.0097602
7 29.5 0.033799
7 30.5 0.0240388
7 31.5 0.00405588
7 32.5 0.00405588
7 33.5 0.00016603
7 34.5 0.000415076
7 35.5 0.000249045
7 36.5 0.000877588
7 37.5 0.000877588
7 38.5 0.000154171
7 39.5 0.000154171

8 0.5 0
8 1.5 0
8 2.5 0
8 3.5 0
8 4.5 0
8 5.5 0
8 6.5 0
8 7.5 0
8 8.5 0
8 9.5 0
8 10.5 0
8 11.5 0
8 12.5 0
8 13.5 0
8 14.5 0
8 15.5 0
8 16.5 0
8 17.5 0
8 18.5 0
8 19.5 0.0749943
8 20.5 0.0749943
8 21.5 0.30226
8 22.5 0.30226
8 23.5 0.0720157
8 24.5 0.0757727
8 25.5 0.00375698
8 26.5 0.00338336
8 27.5 0.00338336
8 28.5 0.0121116
8 29.5 0.037383
8 30.5 0.0252714
8 31.5 0.00319655
8 32.5 0.00319655
8 33.5 0.000176433
8 34.5 0.00051892
8 35.5 0.000342487
8 36.5 0.00117276
8 37.5 0.00117276
8 38.5 0.000166054
8 39.5 0.000166054

9 0.5 0
9 1.5 0
9 2.5 0
9 3.5 0
9 4.5 0
9 5.5 0
9 6.5 0
9 7.5 0
9 8.5 0
9 9.5 0
9 10.5 0
9 11.5 0
9 12.5 0
9 13.5 0
9 14.5 0
9 15.5 0
9 16.5 0
9 17.5 0
9 18.5 0
9 19.5 0.0666704
9 20.5 0.0666704
9 21.5 0.312764
9 22.5 0.312764
9 23.5 0.0812441
9 24.5 0.0843802
9 25.5 0.00313613
9 26.5 0.00226908
9 27.5 0.00226908
9 28.5 0.00873503
9 29.5 0.0289354
9 30.5 0.0202003
9 31.5 0.00286863
9 32.5 0.00286863
9 33.5 0.000129135
9 34.5 0.000313613
9 35.5 0.000184478
9 36.5 0.000701016
9 37.5 0.000701016
9 38.5 7.37912e-05
9 39.5 7.37912e-05

10 0.5 0
10 1.5 0
10 2.5 0
10 3.5 0
10 4.5 0
10 5.5 0
10 6.5 0
10 7.5 0
10 8.5 0
10 9.5 0
10 10.5 0
10 11.5 0
10 12.5 0
10 13.5 0
10 14.5 0
10 15.5 0
10 16.5 0
10 17.5 0
10 18.5 0
10 19.5 0.0784008
10 20.5 0.0784008
10 21.5 0.315878
10 22.5 0.315878
10 23.5 0.0754371
10 24.5 0.0777117
10 25.5 0.00227465
10 26.5 0.00140298
10 27.5 0.00140298
10 28.5 0.00612662
10 29.5 0.0232363
10 30.5 0.0171097
10 31.5 0.00195919
10 32.5 0.00195919
10 33.5 1.66033e-05
10 34.5 5.81115e-05
10 35.5 4.15082e-05
10 36.5 0.000381876
10 37.5 0.000381876
10 38.5 1.66033e-05
10 39.5 1.66033e-05

11 0.5 0
11 1.5 0
11 2.5 0
11 3.5 0
11 4.5 0
11 5.5 0
11 6.5 0
11 7.5 0
11 8.5 0
11 9.5 0
11 10.5 0
11 11.5 0
11 12.5 0
11 13.5 0
11 14.5 0
11 15.5 0
11 16.5 0
11 17.5 0
11 18.5 0
11 19.5 0.0543386
11 20.5 0.0543386
11 21.5 0.310362
11 22.5 0.310362
11 23.5 0.0965249
11 24.5 0.100397
11 25.5 0.00387217
11 26.5 0.00247577
11 27.5 0.00247577
11 28.5 0.00757827
11 29.5 0.0272863
11 30.5 0.019708
11 31.5 0.00301923
11 32.5 0.00301923
11 33.5 0.000105673
11 34.5 0.000301923
11 35.5 0.00019625
11 36.5 0.000875577
11 37.5 0.000875577
11 38.5 7.54808e-05
11 39.5 7.54808e-05

12 0.5 0
12 1.5 0
12 2.5 0
12 3.5 0
12 4.5 0
12 5.5 0
12 6.5 0
12 7.5 0
12 8.5 0
12 9.5 0
12 10.5 0
12 11.5 0
12 12.5 0
12 13.5 0
12 14.5 0
12 15.5 0
12 16.5 0
12 17.5 0
12 18.5 0
12 19.5 0.0421723
12 20.5 0.0421723
12 21.5 0.304471
12 22.5 0.304471
12 23.5 0.113101
12 24.5 0.117972
12 25.5 0.0048711
12 26.5 0.002311
12 27.5 0.002311
12 28.5 0.00669776
12 29.5 0.0271231
12 30.5 0.0204254
12 31.5 0.00372943
12 32.5 0.00372943
12 33.5 6.91917e-05
12 34.5 0.000228333
12 35.5 0.000159141
12 36.5 0.000761109
12 37.5 0.000761109
12 38.5 0.000117626
12 39.5 0.000117626

13 0.5 0
13 1.5 0
13 2.5 0
13 3.5 0
13 4.5 0
13 5.5 0
13 6.5 0
13 7.5 0
13 8.5 0
13 9.5 0
13 10.5 0
13 11.5 0
13 12.5 0
13 13.5 0
13 14.5 0
13 15.5 0
13 16.5 0
13 17.5 0
13 18.5 0
13 19.5 0.0636301
13 20.5 0.0636301
13 21.5 0.317857
13 22.5 0.317857
13 23.5 0.0813282
13 24.5 0.0836858
13 25.5 0.00235762
13 26.5 0.00199343
13 27.5 0.00199343
13 28.5 0.00854876
13 29.5 0.0274544
13 30.5 0.0189057
13 31.5 0.00328405
13 32.5 0.00328405
13 33.5 6.3892e-05
13 34.5 0.000230011
13 35.5 0.000166119
13 36.5 0.000734759
13 37.5 0.000734759
13 38.5 0.000102227
13 39.5 0.000102227

14 0.5 0
14 1.5 0
14 2.5 0
14 3.5 0
14 4.5 0
14 5.5 0
14 6.5 0
14 7.5 0
14 8.5 0
14 9.5 0
14 10.5 0
14 11.5 0
14 12.5 0
14 13.5 0
14 14.5 0
14 15.5 0
14 16.5 0
14 17.5 0
14 18.5 0
14 19.5 0.0630073
14 20.5 0.0630073
14 21.5 0.315606
14 22.5 0.315606
14 23.5 0.0839978
14 24.5 0.0861515
14 25.5 0.00215364
14 26.5 0.00364279
14 27.5 0.00364279
14 28.5 0.00872728
14 29.5 0.0265675
14 30.5 0.0178402
14 31.5 0.00247995
14 32.5 0.00247995
14 33.5 4.15302e-05
14 34.5 0.00107979
14 35.5 0.00103826
14 36.5 0.000456832
14 37.5 0.000456832
14 38.5 6.52618e-05
14 39.5 6.52618e-05

15 0.5 0
15 1.5 0
15 2.5 0
15 3.5 0
15 4.5 0
15 5.5 0
15 6.5 0
15 7.5 0
15 8.5 0
15 9.5 0
15 10.5 0
15 11.5 0
15 12.5 0
15 13.5 0
15 14.5 0
15 15.5 0
15 16.5 0
15 17.5 0
15 18.5 0
15 19.5 0.0406832
15 20.5 0.0406832
15 21.5 0.316837
15 22.5 0.316837
15 23.5 0.111765
15 24.5 0.115852
15 25.5 0.00408715
15 26.5 0.00171129
15 27.5 0.00171129
15 28.5 0.00628025
15 29.5 0.0201256
15 30.5 0.0138454
15 31.5 0.00325643
15 32.5 0.00325643
15 33.5 4.43051e-05
15 34.5 0.00014953
15 35.5 0.000105225
15 36.5 0.000359979
15 37.5 0.000359979
15 38.5 0.000143992
15 39.5 0.000143992

16 0.5 0
16 1.5 0
16 2.5 0
16 3.5 0
16 4.5 0
16 5.5 0
16 6.5 0
16 7.5 0
16 8.5 0
16 9.5 0
16 10.5 0
16 11.5 0
16 12.5 0
16 13.5 0
16 14.5 0
16 15.5 0
16 16.5 0
16 17.5 0
16 18.5 0
16 19.5 0.0437983
16 20.5 0.0437983
16 21.5 0.311687
16 22.5 0.311687
16 23.5 0.107056
16 24.5 0.111604
16 25.5 0.00454805
16 26.5 0.00201443
16 27.5 0.00201443
16 28.5 0.00831733
16 29.5 0.0260371
16 30.5 0.0177197
16 31.5 0.00300607
16 32.5 0.00300607
16 33.5 6.74939e-05
16 34.5 0.000228441
16 35.5 0.000160947
16 36.5 0.000638596
16 37.5 0.000638596
16 38.5 0.000166139
16 39.5 0.000166139

17 0.5 0
17 1.5 0
17 2.5 0
17 3.5 0
17 4.5 0
17 5.5 0
17 6.5 0
17 7.5 0
17 8.5 0
17 9.5 0
17 10.5 0
17 11.5 0
17 12.5 0
17 13.5 0
17 14.5 0
17 15.5 0
17 16.5 0
17 17.5 0
17 18.5 0
17 19.5 0.0538037
17 20.5 0.0538037
17 21.5 0.315672
17 22.5 0.315672
17 23.5 0.091113
17 24.5 0.0936886
17 25.5 0.00257558
17 26.5 0.00206242
17 27.5 0.00206242
17 28.5 0.0108399
17 29.5 0.0290107
17 30.5 0.0181708
17 31.5 0.0041786
17 32.5 0.0041786
17 33.5 9.7745e-05
17 34.5 0.000317671
17 35.5 0.000219926
17 36.5 0.00058647
17 37.5 0.00058647
17 38.5 0.000151505
17 39.5 0.000151505

18 0.5 0
18 1.5 0
18 2.5 0
18 3.5 0
18 4.5 0
18 5.5 0
18 6.5 0
18 7.5 0
18 8.5 0
18 9.5 0
18 10.5 0
18 11.5 0
18 12.5 0
18 13.5 0
18 14.5 0
18 15.5 0
18 16.5 0
18 17.5 0
18 18.5 0
18 19.5 0.0566331
18 20.5 0.0566331
18 21.5 0.319424
18 22.5 0.319424
18 23.5 0.094664
18 24.5 0.0973643
18 25.5 0.00270033
18 26.5 0.00137094
18 27.5 0.00137094
18 28.5 0.00614845
18 29.5 0.0209841
18 30.5 0.0148357
18 31.5 0.0025757
18 32.5 0.0025757
18 33.5 2.76957e-05
18 34.5 9.6935e-05
18 35.5 6.92393e-05
18 36.5 0.000249261
18 37.5 0.000249261
18 38.5 7.84712e-05
18 39.5 7.84712e-05

19 0.5 0
19 1.5 0
19 2.5 0
19 3.5 0
19 4.5 0
19 5.5 0
19 6.5 0
19 7.5 0
19 8.5 0
19 9.5 0
19 10.5 0
19 11.5 0
19 12.5 0
19 13.5 0
19 14.5 0
19 15.5 0
19 16.5 0
19 17.5 0
19 18.5 0
19 19.5 0.0446472
19 20.5 0.0446472
19 21.5 0.310064
19 22.5 0.310064
19 23.5 0.107827
19 24.5 0.11171
19 25.5 0.00388312
19 26.5 0.00206837
19 27.5 0.00206837
19 28.5 0.00786245
19 29.5 0.025905
19 30.5 0.0180425
19 31.5 0.0034196
19 32.5 0.0034196
19 33.5 0.000113695
19 34.5 0.000249254
19 35.5 0.000135559
19 36.5 0.000638441
19 37.5 0.000638441
19 38.5 0.000157424
19 39.5 0.000157424

20 0.5 0
20 1.5 0
20 2.5 0
20 3.5 0
20 4.5 0
20 5.5 0
20 6.5 0
20 7.5 0
20 8.5 0
20 9.5 0
20 10.5 0
20 11.5 0
20 12.5 0
20 13.5 0
20 14.5 0
20 15.5 0
20 16.5 0
20 17.5 0
20 18.5 0
20 19.5 0.0575702
20 20.5 0.0575702
20 21.5 0.317484
20 22.5 0.317484
20 23.5 0.0938923
20 24.5 0.0962938
20 25.5 0.00240153
20 26.5 0.0013171
20 27.5 0.0013171
20 28.5 0.00624481
20 29.5 0.0228062
20 30.5 0.0165614
20 31.5 0.00300814
20 32.5 0.00300814
20 33.5 4.15489e-05
20 34.5 0.000116337
20 35.5 7.47881e-05
20 36.5 0.000236829
20 37.5 0.000236829
20 38.5 6.64783e-05
20 39.5 6.64783e-05

21 0.5 0
21 1.5 0
21 2.5 0
21 3.5 0
21 4.5 0
21 5.5 0
21 6.5 0
21 7.5 0
21 8.5 0
21 9.5 0
21 10.5 0
21 11.5 0
21 12.5 0
21 13.5 0
21 14.5 0
21 15.5 0
21 16.5 0
21 17.5 0
21 18.5 0
21 19.5 0.0527834
21 20.5 0.0527834
21 21.5 0.309095
21 22.5 0.309095
21 23.5 0.0967979
21 24.5 0.100007
21 25.5 0.00320919
21 26.5 0.00214473
21 27.5 0.00214473
21 28.5 0.00863038
21 29.5 0.0294129
21 30.5 0.0207826
21 31.5 0.0041391
21 32.5 0.0041391
21 33.5 6.72703e-05
21 34.5 0.00022951
21 35.5 0.00016224
21 36.5 0.00100114
21 37.5 0.00100114
21 38.5 0.000130583
21 39.5 0.000130583

22 0.5 0
22 1.5 0
22 2.5 0
22 3.5 0
22 4.5 0
22 5.5 0
22 6.5 0
22 7.5 0
22 8.5 0
22 9.5 0
22 10.5 0
22 11.5 0
22 12.5 0
22 13.5 0
22 14.5 0
22 15.5 0
22 16.5 0
22 17.5 0
22 18.5 0
22 19.5 0.0493566
22 20.5 0.0493566
22 21.5 0.312203
22 22.5 0.312203
22 23.5 0.101418
22 24.5 0.105154
22 25.5 0.00373622
22 26.5 0.00187378
22 27.5 0.00187378
22 28.5 0.00879466
22 29.5 0.0260289
22 30.5 0.0172342
22 31.5 0.00335089
22 32.5 0.00335089
22 33.5 7.93333e-05
22 34.5 0.000256889
22 35.5 0.000177555
22 36.5 0.000642222
22 37.5 0.000642222
22 38.5 0.000117111
22 39.5 0.000117111

23 0.5 0
23 1.5 0
23 2.5 0
23 3.5 0
23 4.5 0
23 5.5 0
23 6.5 0
23 7.5 0
23 8.5 0
23 9.5 0
23 10.5 0
23 11.5 0
23 12.5 0
23 13.5 0
23 14.5 0
23 15.5 0
23 16.5 0
23 17.5 0
23 18.5 0
23 19.5 0.0641422
23 20.5 0.0641422
23 21.5 0.31675
23 22.5 0.31675
23 23.5 0.0839447
23 24.5 0.0863699
23 25.5 0.00242517
23 26.5 0.0017999
23 27.5 0.0017999
23 28.5 0.00908263
23 29.5 0.0262034
23 30.5 0.0171207
23 31.5 0.00290948
23 32.5 0.00290948
23 33.5 6.50566e-05
23 34.5 0.000166256
23 35.5 0.000101199
23 36.5 0.000650566
23 37.5 0.000650566
23 38.5 4.69853e-05
23 39.5 4.69853e-05

24 0.5 0
24 1.5 0
24 2.5 0
24 3.5 0
24 4.5 0
24 5.5 0
24 6.5 0
24 7.5 0
24 8.5 0
24 9.5 0
24 10.5 0
24 11.5 0
24 12.5 0
24 13.5 0
24 14.5 0
24 15.5 0
24 16.5 0
24 17.5 0
24 18.5 0
24 19.5 0.0585812
24 20.5 0.0585812
24 21.5 0.311965
24 22.5 0.311965
24 23.5 0.0923853
24 24.5 0.0952892
24 25.5 0.00290393
24 26.5 0.00174305
24 27.5 0.00174305
24 28.5 0.00764102
24 29.5 0.0267696
24 30.5 0.0191285
24 31.5 0.00380838
24 32.5 0.00380838
24 33.5 5.54451e-05
24 34.5 0.000176731
24 35.5 0.000121286
24 36.5 0.000602965
24 37.5 0.000602965
24 38.5 0.00011089
24 39.5 0.00011089

25 0.5 0
25 1.5 0
25 2.5 0
25 3.5 0
25 4.5 0
25 5.5 0
25 6.5 0
25 7.5 0
25 8.5 0
25 9.5 0
25 10.5 0
25 11.5 0
25 12.5 0
25 13.5 0
25 14.5 0
25 15.5 0
25 16.5 0
25 17.5 0
25 18.5 0
25 19.5 0.0522049
25 20.5 0.0522049
25 21.5 0.306847
25 22.5 0.306847
25 23.5 0.094862
25 24.5 0.0989425
25 25.5 0.00408048
25 26.5 0.00379448
25 27.5 0.00379448
25 28.5 0.0117592
25 29.5 0.0317093
25 30.5 0.0199501
25 31.5 0.00357499
25 32.5 0.00357499
25 33.5 0.000106418
25 34.5 0.000831393
25 35.5 0.000724975
25 36.5 0.00100432
25 37.5 0.00100432
25 38.5 0.000162953
25 39.5 0.000162953

26 0.5 0
26 1.5 0
26 2.5 0
26 3.5 0
26 4.5 0
26 5.5 0
26 6.5 0
26 7.5 0
26 8.5 0
26 9.5 0
26 10.5 0
26 11.5 0
26 12.5 0
26 13.5 0
26 14.5 0
26 15.5 0
26 16.5 0
26 17.5 0
26 18.5 0
26 19.5 0.0606439
26 20.5 0.0606439
26 21.5 0.319447
26 22.5 0.319447
26 23.5 0.0853114
26 24.5 0.0874478
26 25.5 0.00213638
26 26.5 0.0017558
26 27.5 0.0017558
26 28.5 0.0087854
26 29.5 0.0254383
26 30.5 0.0166529
26 31.5 0.00349561
26 32.5 0.00349561
26 33.5 4.47745e-05
26 34.5 0.000201485
26 35.5 0.000156711
26 36.5 0.000630041
26 37.5 0.000630041
26 38.5 5.11709e-05
26 39.5 5.11709e-05

27 0.5 0
27 1.5 0
27 2.5 0
27 3.5 0
27 4.5 0
27 5.5 0
27 6.5 0
27 7.5 0
27 8.5 0
27 9.5 0
27 10.5 0
27 11.5 0
27 12.5 0
27 13.5 0
27 14.5 0
27 15.5 0
27 16.5 0
27 17.5 0
27 18.5 0
27 19.5 0.0406556
27 20.5 0.0406556
27 21.5 0.308463
27 22.5 0.308463
27 23.5 0.113354
27 24.5 0.117727
27 25.5 0.00437257
27 26.5 0.00192455
27 27.5 0.00192455
27 28.5 0.00757809
27 29.5 0.024859
27 30.5 0.0172809
27 31.5 0.00438181
27 32.5 0.00438181
27 33.5 7.69818e-05
27 34.5 0.000246342
27 35.5 0.00016936
27 36.5 0.000779056
27 37.5 0.000779056
27 38.5 0.000107775
27 39.5 0.000107775

28 0.5 0
28 1.5 0
28 2.5 0
28 3.5 0
28 4.5 0
28 5.5 0
28 6.5 0
28 7.5 0
28 8.5 0
28 9.5 0
28 10.5 0
28 11.5 0
28 12.5 0
28 13.5 0
28 14.5 0
28 15.5 0
28 16.5 0
28 17.5 0
28 18.5 0
28 19.5 0.0465628
28 20.5 0.0465628
28 21.5 0.313309
28 22.5 0.313309
28 23.5 0.102774
28 24.5 0.106629
28 25.5 0.00385474
28 26.5 0.00193925
28 27.5 0.00193925
28 28.5 0.00875781
28 29.5 0.0257953
28 30.5 0.0170375
28 31.5 0.00381911
28 32.5 0.00381911
28 33.5 0.00011879
28 34.5 0.000311824
28 35.5 0.000193034
28 36.5 0.000718681
28 37.5 0.000718681
28 38.5 9.80019e-05
28 39.5 9.80019e-05

29 0.5 0
29 1.5 0
29 2.5 0
29 3.5 0
29 4.5 0
29 5.5 0
29 6.5 0
29 7.5 0
29 8.5 0
29 9.5 0
29 10.5 0
29 11.5 0
29 12.5 0
29 13.5 0
29 14.5 0
29 15.5 0
29 16.5 0
29 17.5 0
29 18.5 0
29 19.5 0.0406228
29 20.5 0.0406228
29 21.5 0.314159
29 22.5 0.314159
29 23.5 0.108682
29 24.5 0.113425
29 25.5 0.00474339
29 26.5 0.00162893
29 27.5 0.00162893
29 28.5 0.00763989
29 29.5 0.0244023
29 30.5 0.0167625
29 31.5 0.00392032
29 32.5 0.00392032
29 33.5 7.74313e-05
29 34.5 0.000249501
29 35.5 0.00017207
29 36.5 0.000702618
29 37.5 0.000702618
29 38.5 9.75061e-05
29 39.5 9.75061e-05

30 0.5 0
30 1.5 0
30 2.5 0
30 3.5 0
30 4.5 0
30 5.5 0
30 6.5 0
30 7.5 0
30 8.5 0
30 9.5 0
30 10.5 0
30 11.5 0
30 12.5 0
30 13.5 0
30 14.5 0
30 15.5 0
30 16.5 0
30 17.5 0
30 18.5 0
30 19.5 0.0391477
30 20.5 0.0391477
30 21.5 0.313295
30 22.5 0.313295
30 23.5 0.110237
30 24.5 0.114737
30 25.5 0.00450008
30 26.5 0.00195475
30 27.5 0.00195475
30 28.5 0.00810736
30 29.5 0.0250014
30 30.5 0.016894
30 31.5 0.00403982
30 32.5 0.00403982
30 33.5 8.87262e-05
30 34.5 0.000299451
30 35.5 0.000210725
30 36.5 0.00060722
30 37.5 0.00060722
30 38.5 0.000116453
30 39.5 0.000116453

31 0.5 0
31 1.5 0
31 2.5 0
31 3.5 0
31 4.5 0
31 5.5 0
31 6.5 0
31 7.5 0
31 8.5 0
31 9.5 0
31 10.5 0
31 11.5 0
31 12.5 0
31 13.5 0
31 14.5 0
31 15.5 0
31 16.5 0
31 17.5 0
31 18.5 0
31 19.5 0.042339
31 20.5 0.042339
31 21.5 0.3151
31 22.5 0.3151
31 23.5 0.107491
31 24.5 0.111572
31 25.5 0.00408123
31 26.5 0.00167972
31 27.5 0.00167972
31 28.5 0.00782705
31 29.5 0.0241573
31 30.5 0.0163303
31 31.5 0.0034936
31 32.5 0.0034936
31 33.5 5.63483e-05
31 34.5 0.000225393
31 35.5 0.000169045
31 36.5 0.000606415
31 37.5 0.000606415
31 38.5 6.70813e-05
31 39.5 6.70813e-05

32 0.5 0
32 1.5 0
32 2.5 0
32 3.5 0
32 4.5 0
32 5.5 0
32 6.5 0
32 7.5 0
32 8.5 0
32 9.5 0
32 10.5 0
32 11.5 0
32 12.5 0
32 13.5 0
32 14.5 0
32 15.5 0
32 16.5 0
32 17.5 0
32 18.5 3.26857e-15
32 19.5 0.00799584
32 20.5 0.00799584
32 21.5 0.103907
32 22.5 0.103907
32 23.5 0.2468
32 24.5 0.355324
32 25.5 0.108524
32 26.5 0.00118534
32 27.5 0.00118534
32 28.5 0.0013803
32 29.5 0.0217754
32 30.5 0.0203951
32 31.5 0.0068391
32 32.5 0.0068391
32 33.5 0.00118014
32 34.5 0.0013465
32 35.5 0.000166363
32 36.5 0.000657655
32 37.5 0.000657655
32 38.5 0.00013517
32 39.5 0.00013517

33 0.5 0
33 1.5 0
33 2.5 0
33 3.5 0
33 4.5 0
33 5.5 0
33 6.5 0
33 7.5 0
33 8.5 0
33 9.5 0
33 10.5 0
33 11.5 0
33 12.5 0
33 13.5 0
33 14.5 0
33 15.5 0
33 16.5 0
33 17.5 0
33 18.5 2.43655e-15
33 19.5 0.00827547
33 20.5 0.00827547
33 21.5 0.100725
33 22.5 0.100725
33 23.5 0.24573
33 24.5 0.357628
33 25.5 0.111898
33 26.5 0.00131369
33 27.5 0.00131369
33 28.5 0.00143472
33 29.5 0.0216292
33 30.5 0.0201945
33 31.5 0.0075392
33 32.5 0.0075392
33 33.5 0.00112962
33 34.5 0.00132125
33 35.5 0.000191632
33 36.5 0.000539595
33 37.5 0.000539595
33 38.5 0.00018911
33 39.5 0.00018911

34 0.5 0
34 1.5 0
34 2.5 0
34 3.5 0
34 4.5 0
34 5.5 0
34 6.5 0
34 7.5 0
34 8.5 0
34 9.5 0
34 10.5 0
34 11.5 0
34 12.5 0
34 13.5 0
34 14.5 0
34 15.5 0
34 16.5 0
34 17.5 0
34 18.5 0
34 19.5 0.0460588
34 20.5 0.0460588
34 21.5 0.315956
34 22.5 0.315956
34 23.5 0.105458
34 24.5 0.108069
34 25.5 0.0026113
34 26.5 0.00131422
34 27.5 0.00131422
34 28.5 0.00729305
34 29.5 0.0234748
34 30.5 0.0161818
34 31.5 0.00338956
34 32.5 0.00338956
34 33.5 3.18153e-05
34 34.5 0.000176208
34 35.5 0.000144393
34 36.5 0.000802725
34 37.5 0.000802725
34 38.5 6.6078e-05
34 39.5 6.6078e-05

35 0.5 0
35 1.5 0
35 2.5 0
35 3.5 0
35 4.5 0
35 5.5 0
35 6.5 0
35 7.5 0
35 8.5 0
35 9.5 0
35 10.5 0
35 11.5 0
35 12.5 0
35 13.5 0
35 14.5 0
35 15.5 0
35 16.5 0
35 17.5 0
35 18.5 0
35 19.5 0.0342748
35 20.5 0.0342748
35 21.5 0.313499
35 22.5 0.313499
35 23.5 0.118893
35 24.5 0.122785
35 25.5 0.00389178
35 26.5 0.00156432
35 27.5 0.00156432
35 28.5 0.00646887
35 29.5 0.0221549
35 30.5 0.015686
35 31.5 0.00392982
35 32.5 0.00392982
35 33.5 5.94347e-05
35 34.5 0.000197323
35 35.5 0.000137888
35 36.5 0.000803557
35 37.5 0.000803557
35 38.5 9.98502e-05
35 39.5 9.98502e-05

36 0.5 0
36 1.5 0
36 2.5 0
36 3.5 0
36 4.5 0
36 5.5 0
36 6.5 0
36 7.5 0
36 8.5 0
36 9.5 0
36 10.5 0
36 11.5 0
36 12.5 0
36 13.5 0
36 14.5 0
36 15.5 0
36 16.5 0
36 17.5 0
36 18.5 0
36 19.5 0.0384269
36 20.5 0.0384269
36 21.5 0.319092
36 22.5 0.319092
36 23.5 0.110354
36 24.5 0.113595
36 25.5 0.00324115
36 26.5 0.00156278
36 27.5 0.00156278
36 28.5 0.00741165
36 29.5 0.0221309
36 30.5 0.0147193
36 31.5 0.00365497
36 32.5 0.00365497
36 33.5 7.39778e-05
36 34.5 0.000208063
36 35.5 0.000134085
36 36.5 0.000566393
36 37.5 0.000566393
36 38.5 9.70959e-05
36 39.5 9.70959e-05

37 0.5 0
37 1.5 0
37 2.5 0
37 3.5 0
37 4.5 0
37 5.5 0
37 6.5 0
37 7.5 0
37 8.5 0
37 9.5 0
37 10.5 0
37 11.5 0
37 12.5 0
37 13.5 0
37 14.5 0
37 15.5 0
37 16.5 0
37 17.5 0
37 18.5 0
37 19.5 0.0349267
37 20.5 0.0349267
37 21.5 0.309707
37 22.5 0.309707
37 23.5 0.117009
37 24.5 0.120617
37 25.5 0.00360783
37 26.5 0.00242247
37 27.5 0.00242247
37 28.5 0.00790845
37 29.5 0.0258307
37 30.5 0.0179222
37 31.5 0.0040127
37 32.5 0.0040127
37 33.5 9.44695e-05
37 34.5 0.000593808
37 35.5 0.000499339
37 36.5 0.00109765
37 37.5 0.00109765
37 38.5 0.000132707
37 39.5 0.000132707

38 0.5 0
38 1.5 0
38 2.5 0
38 3.5 0
38 4.5 0
38 5.5 0
38 6.5 0
38 7.5 0
38 8.5 0
38 9.5 0
38 10.5 0
38 11.5 0
38 12.5 0
38 13.5 0
38 14.5 0
38 15.5 0
38 16.5 0
38 17.5 0
38 18.5 0
38 19.5 0.0419764
38 20.5 0.0419764
38 21.5 0.317596
38 22.5 0.317596
38 23.5 0.109912
38 24.5 0.113271
38 25.5 0.00335907
38 26.5 0.00133662
38 27.5 0.00133662
38 28.5 0.00619007
38 29.5 0.0208052
38 30.5 0.0146151
38 31.5 0.00364612
38 32.5 0.00364612
38 33.5 7.66911e-05
38 34.5 0.000164338
38 35.5 8.7647e-05
38 36.5 0.000444809
38 37.5 0.000444809
38 38.5 0.00011175
38 39.5 0.00011175

39 0.5 0
39 1.5 0
39 2.5 0
39 3.5 0
39 4.5 0
39 5.5 0
39 6.5 0
39 7.5 0
39 8.5 0
39 9.5 0
39 10.5 0
39 11.5 0
39 12.5 0
39 13.5 0
39 14.5 0
39 15.5 0
39 16.5 0
39 17.5 0
39 18.5 0
39 19.5 0.0414778
39 20.5 0.0414778
39 21.5 0.318286
39 22.5 0.318286
39 23.5 0.110556
39 24.5 0.11356
39 25.5 0.00300341
39 26.5 0.00135121
39 27.5 0.00135121
39 28.5 0.00609006
39 29.5 0.0203194
39 30.5 0.0142294
39 31.5 0.00361818
39 32.5 0.00361818
39 33.5 3.84231e-05
39 34.5 0.00013875
39 35.5 0.000100327
39 36.5 0.000533654
39 37.5 0.000533654
39 38.5 9.17886e-05
39 39.5 9.17886e-05

40 0.5 0
40 1.5 0
40 2.5 0
40 3.5 0
40 4.5 0
40 5.5 0
40 6.5 0
40 7.5 0
40 8.5 0
40 9.5 0
40 10.5 0
40 11.5 0
40 12.5 0
40 13.5 0
40 14.5 0
40 15.5 0
40 16.5 0
40 17.5 0
40 18.5 0
40 19.5 0.0413341
40 20.5 0.0413341
40 21.5 0.317624
40 22.5 0.317624
40 23.5 0.108909
40 24.5 0.1116
40 25.5 0.0026915
40 26.5 0.00179849
40 27.5 0.00179849
40 28.5 0.00742295
40 29.5 0.0221023
40 30.5 0.0146794
40 31.5 0.00409657
40 32.5 0.00409657
40 33.5 3.74686e-05
40 34.5 0.000176935
40 35.5 0.000139467
40 36.5 0.000547458
40 37.5 0.000547458
40 38.5 9.57531e-05
40 39.5 9.57531e-05

41 0.5 0
41 1.5 0
41 2.5 0
41 3.5 0
41 4.5 0
41 5.5 0
41 6.5 0
41 7.5 0
41 8.5 0
41 9.5 0
41 10.5 0
41 11.5 0
41 12.5 0
41 13.5 0
41 14.5 0
41 15.5 0
41 16.5 0
41 17.5 0
41 18.5 0
41 19.5 0.0317807
41 20.5 0.0317807
41 21.5 0.314872
41 22.5 0.314872
41 23.5 0.120862
41 24.5 0.124513
41 25.5 0.00365146
41 26.5 0.00155766
41 27.5 0.00155766
41 28.5 0.00623469
41 29.5 0.0216529
41 30.5 0.0154182
41 31.5 0.00421806
41 32.5 0.00421806
41 33.5 4.67094e-05
41 34.5 0.000160437
41 35.5 0.000113727
41 36.5 0.000757505
41 37.5 0.000757505
41 38.5 8.73263e-05
41 39.5 8.73263e-05

42 0.5 0
42 1.5 0
42 2.5 0
42 3.5 0
42 4.5 0
42 5.5 0
42 6.5 0
42 7.5 0
42 8.5 0
42 9.5 0
42 10.5 0
42 11.5 0
42 12.5 0
42 13.5 0
42 14.5 0
42 15.5 0
42 16.5 0
42 17.5 0
42 18.5 0
42 19.5 0.0258263
42 20.5 0.0258263
42 21.5 0.315877
42 22.5 0.315877
42 23.5 0.129419
42 24.5 0.133684
42 25.5 0.00426506
42 26.5 0.00120358
42 27.5 0.00120358
42 28.5 0.00486586
42 29.5 0.0187615
42 30.5 0.0138957
42 31.5 0.00331529
42 32.5 0.00331529
42 33.5 6.14677e-05
42 34.5 0.000186386
42 35.5 0.000124918
42 36.5 0.000442171
42 37.5 0.000442171
42 38.5 0.000101124
42 39.5 0.000101124

43 0.5 0
43 1.5 0
43 2.5 0
43 3.5 0
43 4.5 0
43 5.5 0
43 6.5 0
43 7.5 0
43 8.5 0
43 9.5 0
43 10.5 0
43 11.5 0
43 12.5 0
43 13.5 0
43 14.5 0
43 15.5 0
43 16.5 0
43 17.5 0
43 18.5 0
43 19.5 0.0322832
43 20.5 0.0322832
43 21.5 0.315922
43 22.5 0.315922
43 23.5 0.117915
43 24.5 0.121127
43 25.5 0.00321109
43 26.5 0.00153195
43 27.5 0.00153195
43 28.5 0.00669332
43 29.5 0.022834
43 30.5 0.0161407
43 31.5 0.0042298
43 32.5 0.0042298
43 33.5 6.77853e-05
43 34.5 0.000199483
43 35.5 0.000131697
43 36.5 0.00114073
43 37.5 0.00114073
43 38.5 0.00011814
43 39.5 0.00011814

44 0.5 0
44 1.5 0
44 2.5 0
44 3.5 0
44 4.5 0
44 5.5 0
44 6.5 0
44 7.5 0
44 8.5 0
44 9.5 0
44 10.5 0
44 11.5 0
44 12.5 0
44 13.5 0
44 14.5 0
44 15.5 0
44 16.5 0
44 17.5 0
44 18.5 0
44 19.5 0.0319954
44 20.5 0.0319954
44 21.5 0.315337
44 22.5 0.315337
44 23.5 0.121047
44 24.5 0.124425
44 25.5 0.0033771
44 26.5 0.00153522
44 27.5 0.00153522
44 28.5 0.00653461
44 29.5 0.0217467
44 30.5 0.0152121
44 31.5 0.00346796
44 32.5 0.00346796
44 33.5 6.05758e-05
44 34.5 0.000194978
44 35.5 0.000134402
44 36.5 0.000641725
44 37.5 0.000641725
44 38.5 8.51847e-05
44 39.5 8.51847e-05

45 0.5 0
45 1.5 0
45 2.5 0
45 3.5 0
45 4.5 0
45 5.5 0
45 6.5 0
45 7.5 0
45 8.5 0
45 9.5 0
45 10.5 0
45 11.5 0
45 12.5 0
45 13.5 0
45 14.5 0
45 15.5 0
45 16.5 0
45 17.5 0
45 18.5 0
45 19.5 0.0405885
45 20.5 0.0405885
45 21.5 0.316388
45 22.5 0.316388
45 23.5 0.110454
45 24.5 0.112344
45 25.5 0.00189012
45 26.5 0.00189752
45 27.5 0.00189752
45 28.5 0.00770117
45 29.5 0.0237237
45 30.5 0.0160225
45 31.5 0.00334704
45 32.5 0.00334704
45 33.5 2.77686e-05
45 34.5 0.000318414
45 35.5 0.000290645
45 36.5 0.000723835
45 37.5 0.000723835
45 38.5 9.81158e-05
45 39.5 9.81158e-05

46 0.5 0
46 1.5 0
46 2.5 0
46 3.5 0
46 4.5 0
46 5.5 0
46 6.5 0
46 7.5 0
46 8.5 0
46 9.5 0
46 10.5 0
46 11.5 0
46 12.5 0
46 13.5 0
46 14.5 0
46 15.5 0
46 16.5 0
46 17.5 0
46 18.5 0
46 19.5 0.0288753
46 20.5 0.0288753
46 21.5 0.317612
46 22.5 0.317612
46 23.5 0.126706
46 24.5 0.130019
46 25.5 0.00331358
46 26.5 0.00135078
46 27.5 0.00135078
46 28.5 0.00514964
46 29.5 0.0181813
46 30.5 0.0130316
46 31.5 0.00264544
46 32.5 0.00264544
46 33.5 4.70783e-05
46 34.5 0.000197367
46 35.5 0.000150288
46 36.5 0.000467161
46 37.5 0.000467161
46 38.5 9.95886e-05
46 39.5 9.95886e-05

47 0.5 0
47 1.5 0
47 2.5 0
47 3.5 0
47 4.5 0
47 5.5 0
47 6.5 0
47 7.5 0
47 8.5 0
47 9.5 0
47 10.5 0
47 11.5 0
47 12.5 0
47 13.5 0
47 14.5 0
47 15.5 0
47 16.5 0
47 17.5 0
47 18.5 0
47 19.5 0.0306474
47 20.5 0.0306474
47 21.5 0.316586
47 22.5 0.316586
47 23.5 0.123726
47 24.5 0.126485
47 25.5 0.00275888
47 26.5 0.00133512
47 27.5 0.00133512
47 28.5 0.0056543
47 29.5 0.0202094
47 30.5 0.0145551
47 31.5 0.00335286
47 32.5 0.00335286
47 33.5 7.62417e-05
47 34.5 0.000209221
47 35.5 0.00013298
47 36.5 0.000546103
47 37.5 0.000546103
47 38.5 8.15609e-05
47 39.5 8.15609e-05

48 0.5 0
48 1.5 0
48 2.5 0
48 3.5 0
48 4.5 0
48 5.5 0
48 6.5 0
48 7.5 0
48 8.5 0
48 9.5 0
48 10.5 0
48 11.5 0
48 12.5 0
48 13.5 0
48 14.5 0
48 15.5 0
48 16.5 0
48 17.5 0
48 18.5 0
48 19.5 0.025305
48 20.5 0.025305
48 21.5 0.315686
48 22.5 0.315686
48 23.5 0.130505
48 24.5 0.134303
48 25.5 0.003798
48 26.5 0.00118384
48 27.5 0.00118384
48 28.5 0.00472147
48 29.5 0.0187991
48 30.5 0.0140776
48 31.5 0.00339356
48 32.5 0.00339356
48 33.5 7.11692e-05
48 34.5 0.000189206
48 35.5 0.000118037
48 36.5 0.000498184
48 37.5 0.000498184
48 38.5 0.00010415
48 39.5 0.00010415

