1 0.5 0.0917089
1 1.5 0.756079
1 2.5 0.133621
1 3.5 0.0182588
1 4.5 8.29944e-05
1 5.5 8.29944e-05
1 6.5 0.000165989
1 7.5 0
1 8.5 0
1 9.5 0
1 10.5 0
1 11.5 0
1 12.5 0
1 13.5 0
1 14.5 0
1 15.5 0

2 0.5 0.0858957
2 1.5 0.766837
2 2.5 0.127682
2 3.5 0.0151874
2 4.5 8.2991e-05
2 5.5 4.14955e-05
2 6.5 4.14955e-05
2 7.5 0.000165982
2 8.5 0.000995892
2 9.5 0.00195029
2 10.5 0.000995892
2 11.5 0
2 12.5 0
2 13.5 0
2 14.5 0
2 15.5 0

3 0.5 0.0847303
3 1.5 0.75964
3 2.5 0.127718
3 3.5 0.0179253
3 4.5 0
3 5.5 0.00011065
3 6.5 0.00011065
3 7.5 0.000359613
3 8.5 0.00254495
3 9.5 0.0046473
3 10.5 0.0019917
3 11.5 0.00011065
3 12.5 0
3 13.5 0
3 14.5 0
3 15.5 0

4 0.5 0.279673
4 1.5 0.405607
4 2.5 0.17645
4 3.5 0.026052
4 4.5 0.00330968
4 5.5 0.000830013
4 6.5 0.00229291
4 7.5 0.0143904
4 8.5 0.0320074
4 9.5 0.023064
4 10.5 0.00420194
4 11.5 0.000861139
4 12.5 0.000311255
4 13.5 0.000114127
4 14.5 0.000217878
4 15.5 0.000176378

5 0.5 0.0840955
5 1.5 0.718564
5 2.5 0.135539
5 3.5 0.0153384
5 4.5 8.3e-05
5 5.5 0.000581
5 6.5 0.0006474
5 7.5 0.0014774
5 8.5 0.0114042
5 9.5 0.0200362
5 10.5 0.00969439
5 11.5 0.001494
5 12.5 6.64e-05
5 13.5 4.98e-05
5 14.5 1.66e-05
5 15.5 6.64e-05

6 0.5 0.075877
6 1.5 0.719774
6 2.5 0.120075
6 3.5 0.0148296
6 4.5 0.00019367
6 5.5 0.00148019
6 6.5 0.00103752
6 7.5 0.00219954
6 8.5 0.0193946
6 9.5 0.029673
6 10.5 0.0128514
6 11.5 0.00142486
6 12.5 0
6 13.5 8.30013e-05
6 14.5 2.76671e-05
6 15.5 9.68349e-05

7 0.5 0.27064
7 1.5 0.396221
7 2.5 0.190198
7 3.5 0.039376
7 4.5 0.00167204
7 5.5 0.00143487
7 6.5 0.00274523
7 7.5 0.0131332
7 8.5 0.0275235
7 9.5 0.0205151
7 10.5 0.00487383
7 11.5 0.00107912
7 12.5 0.000349824
7 13.5 0.000124514
7 14.5 0.000337966
7 15.5 0.000320178

8 0.5 0.237597
8 1.5 0.390601
8 2.5 0.226379
8 3.5 0.0545571
8 4.5 0.00246454
8 5.5 0.00127118
8 6.5 0.00236596
8 7.5 0.0127637
8 8.5 0.0251694
8 9.5 0.0177758
8 10.5 0.00392769
8 11.5 0.00048253
8 12.5 0.000166032
8 13.5 0.000108958
8 14.5 0.000285367
8 15.5 0.000254236

9 0.5 0.211927
9 1.5 0.405387
9 2.5 0.2552
9 3.5 0.0448457
9 4.5 0.00225543
9 5.5 0.000996264
9 6.5 0.00226004
9 7.5 0.0117661
9 8.5 0.022665
9 9.5 0.0160002
9 10.5 0.00369909
9 11.5 0.000516581
9 12.5 0.000147595
9 13.5 0.000110696
9 14.5 0.000253678
9 15.5 0.000212167

10 0.5 0.243179
10 1.5 0.388584
10 2.5 0.234494
10 3.5 0.067627
10 4.5 0.00163982
10 5.5 0.000738957
10 6.5 0.000913318
10 7.5 0.00638077
10 8.5 0.0145301
10 9.5 0.0130646
10 10.5 0.00480737
10 11.5 0.000523082
10 12.5 3.32116e-05
10 13.5 2.90601e-05
10 14.5 4.15144e-05
10 15.5 3.32116e-05

11 0.5 0.221798
11 1.5 0.380265
11 2.5 0.25271
11 3.5 0.0745818
11 4.5 0.00149088
11 5.5 0.000618999
11 6.5 0.000841687
11 7.5 0.00537095
11 8.5 0.0129537
11 9.5 0.0171244
11 10.5 0.00968884
11 11.5 0.000724681
11 12.5 6.41645e-05
11 13.5 3.77438e-05
11 14.5 3.77438e-05
11 15.5 3.39694e-05

12 0.5 0.160817
12 1.5 0.396995
12 2.5 0.302333
12 3.5 0.0539366
12 4.5 0.00192384
12 5.5 0.000889255
12 6.5 0.00188577
12 7.5 0.00873684
12 8.5 0.018747
12 9.5 0.0230514
12 10.5 0.0126157
12 11.5 0.00110032
12 12.5 0.000190307
12 13.5 0.000138405
12 14.5 0.00024221
12 15.5 0.000186847

13 0.5 0.183499
13 1.5 0.372949
13 2.5 0.282917
13 3.5 0.080549
13 4.5 0.0022168
13 5.5 0.000734674
13 6.5 0.00180155
13 7.5 0.00823793
13 8.5 0.0157763
13 9.5 0.0203185
13 10.5 0.0121828
13 11.5 0.000935911
13 12.5 0.000178877
13 13.5 7.66616e-05
13 14.5 0.000127769
13 15.5 0.000114992

14 0.5 0.166513
14 1.5 0.384074
14 2.5 0.29741
14 3.5 0.0659023
14 4.5 0.00169079
14 5.5 0.000643688
14 6.5 0.00176792
14 7.5 0.00888704
14 8.5 0.018225
14 9.5 0.022004
14 10.5 0.0131289
14 11.5 0.00203192
14 12.5 0.000225439
14 13.5 0.000121618
14 14.5 0.000121618
14 15.5 6.8225e-05

15 0.5 0.15412
15 1.5 0.361316
15 2.5 0.309835
15 3.5 0.0904287
15 4.5 0.00157573
15 5.5 0.000692325
15 6.5 0.0013985
15 7.5 0.00841314
15 8.5 0.0186845
15 9.5 0.0231874
15 10.5 0.0129936
15 11.5 0.00131265
15 12.5 0.000240929
15 13.5 0.000116311
15 14.5 0.000152312
15 15.5 9.41562e-05

16 0.5 0.165762
16 1.5 0.363227
16 2.5 0.295046
16 3.5 0.0851137
16 4.5 0.00227925
16 5.5 0.000726869
16 6.5 0.00149787
16 7.5 0.0108277
16 8.5 0.0220942
16 9.5 0.0234597
16 10.5 0.0119051
16 11.5 0.00100723
16 12.5 0.000158354
16 13.5 8.82626e-05
16 14.5 0.000166141
16 15.5 0.000132394

17 0.5 0.15596
17 1.5 0.368137
17 2.5 0.299982
17 3.5 0.0767193
17 4.5 0.00247032
17 5.5 0.00105801
17 6.5 0.00201584
17 7.5 0.0109222
17 8.5 0.0218957
17 9.5 0.0266262
17 10.5 0.0159728
17 11.5 0.00194498
17 12.5 0.000222354
17 13.5 0.000166154
17 14.5 0.000190589
17 15.5 0.000124616

18 0.5 0.152228
18 1.5 0.385416
18 2.5 0.309134
18 3.5 0.0647939
18 4.5 0.0021698
18 5.5 0.00106643
18 6.5 0.00197359
18 7.5 0.00951018
18 8.5 0.0190134
18 9.5 0.0228637
18 10.5 0.0134158
18 11.5 0.00168967
18 12.5 0.000212363
18 13.5 9.23318e-05
18 14.5 0.00020313
18 15.5 0.000170814

19 0.5 0.0994532
19 1.5 0.352818
19 2.5 0.358774
19 3.5 0.0982262
19 4.5 0.00285646
19 5.5 0.00118545
19 6.5 0.0017913
19 7.5 0.00789572
19 8.5 0.0180267
19 9.5 0.0259465
19 10.5 0.01727
19 11.5 0.00286302
19 12.5 0.000345574
19 13.5 0.00018591
19 14.5 0.000129044
19 15.5 7.87384e-05

20 0.5 0.13461
20 1.5 0.371984
20 2.5 0.325245
20 3.5 0.0776716
20 4.5 0.00232674
20 5.5 0.00077281
20 6.5 0.00170766
20 7.5 0.00909091
20 8.5 0.0194283
20 9.5 0.0245139
20 10.5 0.0150096
20 11.5 0.00226649
20 12.5 0.000182815
20 13.5 8.51753e-05
20 14.5 0.000157886
20 15.5 0.000122569

21 0.5 0.161449
21 1.5 0.359598
21 2.5 0.295204
21 3.5 0.084575
21 4.5 0.00218447
21 5.5 0.000809282
21 6.5 0.0016898
21 7.5 0.0114981
21 8.5 0.0228835
21 9.5 0.0258911
21 10.5 0.0147729
21 11.5 0.00174916
21 12.5 0.000217655
21 13.5 9.29982e-05
21 14.5 0.000134551
21 15.5 0.000102892

22 0.5 0.163401
22 1.5 0.36271
22 2.5 0.301456
22 3.5 0.0883199
22 4.5 0.00200997
22 5.5 0.000621505
22 6.5 0.00119012
22 7.5 0.00758652
22 8.5 0.01669
22 9.5 0.0227369
22 10.5 0.0141624
22 11.5 0.0014867
22 12.5 0.000111455
22 13.5 4.53378e-05
22 14.5 5.28941e-05
22 15.5 3.58924e-05

23 0.5 0.166267
23 1.5 0.366851
23 2.5 0.29446
23 3.5 0.0806372
23 4.5 0.0018125
23 5.5 0.000769815
23 6.5 0.00161011
23 7.5 0.0105407
23 8.5 0.0215404
23 9.5 0.0234902
23 10.5 0.0126459
23 11.5 0.00154866
23 12.5 0.000218656
23 13.5 7.0476e-05
23 14.5 0.000169865
23 15.5 0.000140952

24 0.5 0.172696
24 1.5 0.356449
24 2.5 0.282565
24 3.5 0.0849298
24 4.5 0.00205857
24 5.5 0.00109686
24 6.5 0.00191648
24 7.5 0.0118974
24 8.5 0.023398
24 9.5 0.0262468
24 10.5 0.0154167
24 11.5 0.00222838
24 12.5 0.000254722
24 13.5 0.000138624
24 14.5 0.000181944
24 15.5 0.000147288

25 0.5 0.154111
25 1.5 0.366893
25 2.5 0.306809
25 3.5 0.0823052
25 4.5 0.00208847
25 5.5 0.000841376
25 6.5 0.00160127
25 7.5 0.0101048
25 8.5 0.0207966
25 9.5 0.0232958
25 10.5 0.01288
25 11.5 0.00166446
25 12.5 0.000206187
25 13.5 8.48027e-05
25 14.5 0.000128035
25 15.5 9.47795e-05

26 0.5 0.173192
26 1.5 0.364429
26 2.5 0.284359
26 3.5 0.0798193
26 4.5 0.00182603
26 5.5 0.00100576
26 6.5 0.00182763
26 7.5 0.0127918
26 8.5 0.0247761
26 9.5 0.02378
26 10.5 0.0122146
26 11.5 0.00189958
26 12.5 0.000196674
26 13.5 0.000107131
26 14.5 0.000179085
26 15.5 0.00014071

27 0.5 0.18707
27 1.5 0.379271
27 2.5 0.275206
27 3.5 0.0680346
27 4.5 0.00151537
27 5.5 0.000791566
27 6.5 0.00140757
27 7.5 0.0105383
27 8.5 0.0214246
27 9.5 0.0222485
27 10.5 0.0120675
27 11.5 0.00183261
27 12.5 0.000117041
27 13.5 6.46805e-05
27 14.5 0.000109341
27 15.5 8.00806e-05

28 0.5 0.150955
28 1.5 0.370558
28 2.5 0.309884
28 3.5 0.0790643
28 4.5 0.00216385
28 5.5 0.000766331
28 6.5 0.00166187
28 7.5 0.0106113
28 8.5 0.02149
28 9.5 0.0225563
28 10.5 0.0122969
28 11.5 0.00200197
28 12.5 0.000160395
28 13.5 7.5742e-05
28 14.5 0.000147029
28 15.5 0.000118811

29 0.5 0.177505
29 1.5 0.364457
29 2.5 0.276924
29 3.5 0.0764713
29 4.5 0.0016695
29 5.5 0.000910765
29 6.5 0.00166089
29 7.5 0.0146167
29 8.5 0.029767
29 9.5 0.0257123
29 10.5 0.0108144
29 11.5 0.00164511
29 12.5 0.000186456
29 13.5 9.17936e-05
29 14.5 0.00013769
29 15.5 0.000111874

30 0.5 0.141124
30 1.5 0.364596
30 2.5 0.318659
30 3.5 0.0838904
30 4.5 0.00206707
30 5.5 0.00080132
30 6.5 0.00157491
30 7.5 0.00977804
30 8.5 0.0198361
30 9.5 0.0244403
30 10.5 0.0152681
30 11.5 0.00221403
30 12.5 0.00021766
30 13.5 0.000101205
30 14.5 0.0001525
30 15.5 0.000103977

31 0.5 0.135348
31 1.5 0.363683
31 2.5 0.322471
31 3.5 0.0835827
31 4.5 0.00228615
31 5.5 0.000850598
31 6.5 0.00167168
31 7.5 0.010238
31 8.5 0.0209456
31 9.5 0.0251409
31 10.5 0.0156274
31 11.5 0.00260814
31 12.5 0.000246861
31 13.5 0.000112698
31 14.5 0.000143555
31 15.5 9.79395e-05

32 0.5 0.128002
32 1.5 0.359988
32 2.5 0.328473
32 3.5 0.0866722
32 4.5 0.00238076
32 5.5 0.00116112
32 6.5 0.00180085
32 7.5 0.0109091
32 8.5 0.0228922
32 9.5 0.0257073
32 10.5 0.0147618
32 11.5 0.00249128
32 12.5 0.000284755
32 13.5 0.000133926
32 14.5 0.000159931
32 15.5 0.000111822

33 0.5 0.128839
33 1.5 0.35438
33 2.5 0.332382
33 3.5 0.0977783
33 4.5 0.00244184
33 5.5 0.000824452
33 6.5 0.00146737
33 7.5 0.00916478
33 8.5 0.0185338
33 9.5 0.0233809
33 10.5 0.0146523
33 11.5 0.0019149
33 12.5 0.000265993
33 13.5 0.000105893
33 14.5 0.000137409
33 15.5 9.83292e-05

34 0.5 0.0915005
34 1.5 0.357301
34 2.5 0.36997
34 3.5 0.0977251
34 4.5 0.00262885
34 5.5 0.000938699
34 6.5 0.00162528
34 7.5 0.00737252
34 8.5 0.0163777
34 9.5 0.0242042
34 10.5 0.016423
34 11.5 0.0025493
34 12.5 0.000285159
34 13.5 0.000129729
34 14.5 0.000110147
34 15.5 5.87452e-05

35 0.5 0.11097
35 1.5 0.355753
35 2.5 0.351981
35 3.5 0.0997865
35 4.5 0.00218537
35 5.5 0.000820407
35 6.5 0.00156353
35 7.5 0.0080281
35 8.5 0.016187
35 9.5 0.023082
35 10.5 0.0156579
35 11.5 0.00197017
35 12.5 0.000148624
35 13.5 0.000117711
35 14.5 0.000179538
35 15.5 0.000105821

36 0.5 0.0957579
36 1.5 0.344271
36 2.5 0.362978
36 3.5 0.108272
36 4.5 0.0029075
36 5.5 0.00100115
36 6.5 0.00162427
36 7.5 0.00764158
36 8.5 0.016193
36 9.5 0.0263987
36 10.5 0.0187768
36 11.5 0.00218149
36 12.5 0.000225432
36 13.5 0.000147976
36 14.5 0.000169941
36 15.5 0.000107514

37 0.5 0.13749
37 1.5 0.35692
37 2.5 0.326455
37 3.5 0.096644
37 4.5 0.00183156
37 5.5 0.000808901
37 6.5 0.00136692
37 7.5 0.00822739
37 8.5 0.0168047
37 9.5 0.0226324
37 10.5 0.0148876
37 11.5 0.00193056
37 12.5 0.000169881
37 13.5 7.98776e-05
37 14.5 8.32527e-05
37 15.5 6.1877e-05

38 0.5 0.10937
38 1.5 0.348748
38 2.5 0.352002
38 3.5 0.10518
38 4.5 0.00236283
38 5.5 0.000951924
38 6.5 0.00151607
38 7.5 0.00898139
38 8.5 0.0182213
38 9.5 0.0236382
38 10.5 0.0151629
38 11.5 0.00195643
38 12.5 0.000221276
38 13.5 0.000133642
38 14.5 0.000107352
38 15.5 6.57255e-05

39 0.5 0.105567
39 1.5 0.346487
39 2.5 0.361684
39 3.5 0.113858
39 4.5 0.0025511
39 5.5 0.000512354
39 6.5 0.000906226
39 7.5 0.00547045
39 8.5 0.0117639
39 9.5 0.0221508
39 10.5 0.0166579
39 11.5 0.00154774
39 12.5 0.000105673
39 13.5 4.37636e-05
39 14.5 5.97746e-05
39 15.5 3.9494e-05

40 0.5 0.104805
40 1.5 0.351503
40 2.5 0.354703
40 3.5 0.101555
40 4.5 0.00249898
40 5.5 0.00102624
40 6.5 0.00175792
40 7.5 0.0086335
40 8.5 0.0174762
40 9.5 0.0253145
40 10.5 0.017319
40 11.5 0.00217633
40 12.5 0.000230019
40 13.5 0.000159244
40 14.5 0.000148836
40 15.5 0.000104081

41 0.5 0.104006
41 1.5 0.34936
41 2.5 0.358423
41 3.5 0.105838
41 4.5 0.00232051
41 5.5 0.000779936
41 6.5 0.00135372
41 7.5 0.00775265
41 8.5 0.0155733
41 9.5 0.0240683
41 10.5 0.0169941
41 11.5 0.00184422
41 12.5 0.000203108
41 13.5 0.00010257
41 14.5 0.000129989
41 15.5 9.03832e-05

42 0.5 0.109607
42 1.5 0.346081
42 2.5 0.349998
42 3.5 0.106257
42 4.5 0.00232108
42 5.5 0.000836817
42 6.5 0.00167363
42 7.5 0.00854961
42 8.5 0.0166283
42 9.5 0.0256052
42 10.5 0.0184139
42 11.5 0.00225266
42 12.5 0.0001864
42 13.5 0.000129885
42 14.5 0.000174502
42 15.5 0.000123936

43 0.5 0.105168
43 1.5 0.352818
43 2.5 0.36194
43 3.5 0.107088
43 4.5 0.00187423
43 5.5 0.0004349
43 6.5 0.00104221
43 7.5 0.00563336
43 8.5 0.0113151
43 9.5 0.0227388
43 10.5 0.0177292
43 11.5 0.00156041
43 12.5 0.000111389
43 13.5 7.84563e-05
43 14.5 0.00013076
43 15.5 7.55505e-05

44 0.5 0.10076
44 1.5 0.35068
44 2.5 0.359316
44 3.5 0.102285
44 4.5 0.00191402
44 5.5 0.000975941
44 6.5 0.00146912
44 7.5 0.00917158
44 8.5 0.0191762
44 9.5 0.0253991
44 10.5 0.0159871
44 11.5 0.0017247
44 12.5 0.00021961
44 13.5 0.000141043
44 14.5 0.000143883
44 15.5 8.80335e-05

45 0.5 0.102306
45 1.5 0.348718
45 2.5 0.360845
45 3.5 0.10732
45 4.5 0.00200599
45 5.5 0.000700755
45 6.5 0.00125062
45 7.5 0.0074417
45 8.5 0.0152389
45 9.5 0.0242024
45 10.5 0.0171319
45 11.5 0.00175605
45 12.5 0.000167552
45 13.5 0.000102753
45 14.5 0.000145335
45 15.5 9.44214e-05

46 0.5 0.0968047
46 1.5 0.347001
46 2.5 0.369004
46 3.5 0.111845
46 4.5 0.0019888
46 5.5 0.00050988
46 6.5 0.00101704
46 7.5 0.00523917
46 8.5 0.0112663
46 9.5 0.0241328
46 10.5 0.019063
46 11.5 0.00180677
46 12.5 0.000125885
46 13.5 5.79615e-05
46 14.5 9.23761e-05
46 15.5 5.52445e-05

47 0.5 0.104442
47 1.5 0.349714
47 2.5 0.355178
47 3.5 0.102704
47 4.5 0.00172831
47 5.5 0.00072589
47 6.5 0.00129845
47 7.5 0.00834552
47 8.5 0.0168967
47 9.5 0.0272701
47 10.5 0.0192968
47 11.5 0.00162284
47 12.5 0.000129402
47 13.5 8.06545e-05
47 14.5 0.000120539
47 15.5 8.5086e-05

48 0.5 0.0878378
48 1.5 0.354628
48 2.5 0.378276
48 3.5 0.106656
48 4.5 0.00235893
48 5.5 0.000670259
48 6.5 0.00117295
48 7.5 0.00805526
48 8.5 0.0163875
48 9.5 0.0206044
48 10.5 0.0128582
48 11.5 0.0015541
48 12.5 0.000160619
48 13.5 7.90072e-05
48 14.5 7.72708e-05
48 15.5 5.20926e-05

