# guk/mod Exim
# 	  mpercor	ttime       utime       stime         itime
1        715.00      1398.80       442.08       956.72         0.00
2        598.30      1671.42       427.89      1243.52         0.00
3        553.13      1807.92       451.98      1355.94         0.00
4        518.75      1927.76       470.33      1457.42         0.00
5        495.28      2019.15       476.49      1542.65         0.00
6        473.44      2112.24       485.81      1626.42         0.00
7        477.49      2094.34       485.88      1608.47         0.00
8        476.25      2099.81       474.51      1625.30         0.00
9        474.87      2105.91       471.70      1634.21         0.00
10       469.24      2131.14       468.85      1662.29         0.00
11       458.87      2179.31       479.45      1699.86         0.00
12       452.12      2211.89       477.72      1734.16         0.00
13       454.41      2200.68       479.76      1720.92         0.00
14       453.04      2207.33       481.17      1726.16         0.00
15       450.81      2218.30       488.03      1730.28         0.00
16       449.94      2222.55       488.96      1733.59         0.00
17       445.52      2244.61       493.81      1750.80         0.00
18       440.69      2269.23       494.66      1774.57         0.00
19       441.78      2263.67       488.89      1774.79         0.00
20       441.45      2265.28       480.26      1785.02         0.00
21       441.26      2266.28       475.92      1790.36         0.00
22       441.37      2265.75       480.32      1785.44         0.00
23       437.88      2283.81       479.60      1804.21         0.00
24       434.33      2302.43       483.51      1818.92         0.00
25       433.29      2308.04       484.69      1823.35         0.00
26       431.32      2318.50       486.89      1831.62         0.00
27       429.45      2328.59       489.00      1839.58         0.00
28       426.00      2347.50       488.25      1854.52         0.00
29       422.07      2369.33       492.81      1876.52         0.00
30       421.91      2370.20       483.53      1872.46         0.00
31       419.58      2383.39       486.22      1882.88         0.00
32       417.60      2394.63       483.71      1901.36         0.00
33       414.03      2415.31       483.06      1917.78         0.00
34       414.06      2415.14       483.03      1927.32         0.00
35       410.94      2433.58       486.72      1932.30         4.86
36       406.77      2458.46       491.69      1956.94        24.58
37       405.75      2464.70       487.98      1966.81        24.65
38       405.22      2467.82       488.64      1969.33        24.68
39       403.34      2479.37       476.04      1978.53        24.79
40       402.41      2485.09       482.05      1963.22        24.85
41       399.74      2501.72       475.33      1976.36        25.02
42       396.50      2522.11       479.20      1992.47        30.23
43       396.07      2524.89       479.73      1994.66        50.50
44       394.83      2532.71       481.21      2000.84        50.65
45       390.51      2560.81       486.56      2023.04        51.22
46       388.37      2574.86       489.23      2034.14        51.50
47       386.26      2588.96       481.52      2045.28        77.67
48       381.11      2624.00       472.32      2067.76        78.72

# stock/mod Exim
#      mpercor	    ttime       utime       stime         itime
1        747.20      1338.35       420.24       918.11         0.00
2        574.10      1741.88       428.47      1313.41         0.00
3        515.13      1941.25       454.24      1487.01         0.00
4        477.10      2096.15       465.28      1630.88         0.00
5        452.92      2207.96       476.89      1731.07         0.00
6        430.73      2321.77       487.57      1834.20         0.00
7        429.37      2329.07       475.15      1853.92         0.00
8        430.20      2324.62       488.17      1836.45         0.00
9        422.13      2368.94       473.79      1895.16         0.00
10       414.26      2413.97       477.94      1936.03         0.00
11       408.95      2445.36       464.62      1980.74         0.00
12       398.75      2507.95       476.51      2031.44         0.00
13       398.32      2510.54       477.00      2033.54         0.00
14       396.30      2523.42       474.39      2049.02         0.00
15       391.49      2554.35       480.20      2074.15         0.00
16       389.00      2570.71       473.02      2097.70         0.00
17       384.61      2600.07       478.37      2121.71         0.00
18       377.10      2651.88       477.34      2174.54         0.00
19       378.97      2638.77       474.98      2163.80         0.00
20       377.96      2645.84       476.25      2169.59         0.00
21       375.14      2665.68       479.82      2185.86         0.00
22       371.53      2691.66       484.50      2207.17         0.00
23       367.93      2718.04       489.25      2228.79         0.00
24       361.87      2763.45       469.79      2293.66         0.00
25       355.60      2812.17       478.07      2334.10         0.00
26       344.49      2902.83       464.45      2438.38         0.00
27       322.31      3102.65       465.40      2637.25         0.00
28       274.17      3647.53       459.61      3187.93         0.00
29       196.44      5092.24       437.53      4654.71         0.00
30       142.74      7006.74       420.40      6586.33         0.00
31       112.65      8877.17       425.99      8433.31         0.00
32        98.66     10136.28       405.45      9730.83         0.00
33        88.24     11333.37       453.33     10880.03         0.00
34        80.32     12449.78       373.49     11951.78         0.00
35        73.80     13550.21       406.51     13116.69         0.00
36        68.33     14635.48       439.07     14196.42        29.22
37        63.48     15754.40       472.63     15281.77       157.54
38        59.21     16887.75       371.43     16381.12       168.88
39        55.66     17965.83       359.32     17426.86       179.66
40        52.40     19082.17       381.64     18509.70       190.82
41        49.42     20234.98       404.70     19627.93       202.35
42        46.55     21483.89       429.68     20839.37       214.84
43        44.30     22572.57       451.45     21895.40       270.78
44        41.95     23835.66       476.71     23072.68       476.71
45        39.94     25041.82       500.84     24190.37       500.84
46        38.29     26113.15       522.26     25068.62       522.26
47        36.46     27424.66       328.93     26327.67       603.18
48        35.00     28575.10       285.75     27432.10       685.75

# guk/mod Exim mem=8g
# 	  mpercor	ttime       utime       stime         itime
1        608.80      1642.59       535.46      1107.12         0.00
2        530.10      1886.45       528.20      1358.25         0.00
3        498.00      2008.07       526.11      1481.96         0.00
4        476.00      2100.87       525.22      1575.65         0.00
5        450.04      2222.07       533.30      1688.77         0.00
6        427.34      2340.22       538.25      1801.96         0.00
7        401.97      2487.81       547.32      1940.49         0.00
8        379.42      2635.64       558.73      2076.90         0.00
9        358.62      2788.53       585.59      2202.94         0.00
10       338.02      2958.51       621.28      2337.22         0.00
11       318.04      3144.35       647.74      2496.61         0.00
12       299.35      3340.63       668.13      2672.51         0.00
13       279.75      3574.61       714.92      2859.68         0.00
14       259.79      3849.62       762.10      3087.52         0.00
15       242.61      4121.93       807.97      3313.96         0.00
16       223.81      4468.33       848.98      3619.35         0.00
17       206.18      4850.31       921.56      3928.75         0.00
18       191.46      5223.48       940.23      4283.25         0.00
19       178.61      5599.41      1030.24      4569.17         0.00
20       166.61      6002.53      1080.45      4922.07         0.00
21       156.69      6382.24      1148.80      5233.44         0.00
22       147.47      6781.79      1220.72      5561.06         0.00
23       139.28      7180.65      1292.52      5888.13         0.00
24       131.95      7578.78      1303.51      6275.27         0.00
25       124.94      8004.16      1440.75      6563.41         0.00
26       118.77      8420.60      1464.93      6955.67         0.00
27       112.36      8899.94      1584.27      7315.67         0.00
28       107.30      9320.17      1677.63      7642.54         0.00
29       102.38      9768.02      1699.85      8068.17         0.00
30        98.54     10149.03      1786.26      8342.60         0.00
31        93.53     10691.96      1881.81      8810.15         0.00
32        90.66     11031.52      1985.67      9045.85         0.00
33        86.89     11509.83      2071.77      9438.06         0.00
34        84.60     11821.74      2127.91      9693.83         0.00
35        81.15     12324.04      2218.33     10105.71         0.00
36        79.23     12621.23      2271.82     10349.41         0.00
37        75.93     13170.48      2370.69     10799.79         0.00
38        72.77     13742.49      2473.65     11268.84         0.00
39        70.29     14226.86      2560.84     11666.02         0.00
40        67.63     14788.31      2661.90     12126.42         0.00
41        65.39     15292.82      2752.71     12509.45         0.00
42        63.31     15796.53      2843.38     12953.15         0.00
43        60.68     16480.43      2966.48     13349.15         0.00
44        59.24     16879.25      3038.27     13672.19        33.57
45        57.84     17289.25      3077.39     13762.20       104.01
46        55.49     18023.60      3027.09     13950.04       258.43
47        54.40     18382.10      3088.44     14044.83       218.10
48        52.58     19019.65      3080.88     14149.30       379.30

# stock/mod Exim mem=8g
#      mpercor	    ttime       utime       stime         itime
1        622.80      1605.69       529.84      1075.85         0.00
2        508.80      1965.43       522.82      1442.60         0.00
3        479.00      2087.72       530.28      1557.43         0.00
4        452.45      2210.35       543.74      1666.61         0.00
5        430.16      2324.77       553.30      1771.47         0.00
6        407.90      2451.59       554.06      1897.53         0.00
7        385.00      2597.44       566.23      2031.21         0.00
8        362.95      2755.28       584.07      2171.20         0.00
9        345.04      2898.22       591.25      2306.97         0.00
10       329.56      3034.42       606.88      2427.54         0.00
11       311.76      3207.76       641.55      2566.20         0.00
12       293.20      3410.76       661.65      2749.11         0.00
13       275.37      3631.60       690.00      2941.59         0.00
14       258.77      3864.68       703.29      3161.39         0.00
15       239.87      4169.23       750.46      3418.77         0.00
16       224.67      4450.98       756.67      3694.32         0.00
17       207.93      4809.47       817.61      3991.86         0.00
18       194.79      5134.20       841.83      4292.37         0.00
19       178.76      5594.47       917.63      4676.85         0.00
20       168.93      5920.57       947.29      4973.28         0.00
21       152.60      6599.78      1055.96      5543.81         0.00
22       141.63      7082.01      1047.15      5759.24        13.10
23       139.89      7149.01      1143.84      6005.17         0.00
24       132.81      7529.97      1204.79      6325.17         0.00
25       125.94      7942.07      1239.06      6703.02         0.00
26       119.73      8353.00      1286.45      7066.55         0.00
27       112.76      8869.30      1365.67      7503.62         0.00
28       107.98      9262.02      1389.30      7872.71         0.00
29       103.25      9685.86      1452.88      8232.98         0.00
30        98.87     10114.80      1517.22      8597.58         0.00
31        93.93     10645.85      1596.88      9048.97         0.00
32        90.61     11037.71      1655.65      9382.05         0.00
33        86.72     11532.97      1729.94      9780.11         0.00
34        82.64     12101.79      1815.27     10286.52         0.00
35        79.95     12507.58      1876.14     10631.44         0.00
36        76.75     13031.14      1954.67     11076.47         0.00
37        72.50     13793.69      2041.44     11752.25         0.00
38        68.97     14498.36      2058.76     12439.59         0.00
39        64.88     15414.29      2096.08     13287.22         0.00
40        59.67     16759.25      2044.39     14714.86         0.00
41        54.35     18404.38      2021.88     16345.43         0.00
42        49.73     20124.66      1926.06     18156.72         0.00
43        44.68     22394.98      1878.87     20471.41         0.00
44        40.08     24960.34      1695.67     23215.81         0.00
45        37.08     26979.71      1725.32     25200.92         0.00
46        33.81     29584.99      1538.34     27989.30         0.00
47        31.66     31608.75      1515.02     29904.61         0.00
48        29.58     33806.03      1486.28     32252.24         0.00

# solaris/mod Exim (don't publish)
#      mpercor	    ttime       utime       stime         itime
1       257.00     3891.05      739.30     3151.75        0.00
4       184.50     5420.05      758.81     4661.25        0.00
8       154.25     6482.98      842.79     5640.19        0.00
12      134.17     7453.42      819.88     6633.54        0.00
16      113.31     8825.15      882.52     7942.64        0.00
20       92.70    10787.49      863.00     9924.49        0.00
24       73.58    13590.03      951.30    12638.73        0.00
28       55.54    18006.43      900.32    17106.11        0.00
32       43.34    23071.38      922.86    22148.52        0.00
36       35.14    28458.50      853.75    27604.74        0.00
40       30.02    33305.58      999.17    32306.41        0.00
44       26.32    37996.55      759.93    36856.65      379.97
48       23.75    42105.26      842.11    39157.89     2105.26
