1 0.5 0.0947639
1 1.5 0.744503
1 2.5 0.146544
1 3.5 0.0141067
1 4.5 0
1 5.5 0
1 6.5 0
1 7.5 0
1 8.5 0
1 9.5 0
1 10.5 8.29807e-05
1 11.5 0
1 12.5 0
1 13.5 0
1 14.5 0
1 15.5 0

2 0.5 0.0827732
2 1.5 0.77562
2 2.5 0.12277
2 3.5 0.0162227
2 4.5 4.14903e-05
2 5.5 8.29807e-05
2 6.5 0
2 7.5 0.000124471
2 8.5 0.000622355
2 9.5 0.00149365
2 10.5 4.14903e-05
2 11.5 4.14903e-05
2 12.5 0
2 13.5 0
2 14.5 0
2 15.5 4.14903e-05

3 0.5 0.08639
3 1.5 0.754246
3 2.5 0.128769
3 3.5 0.0167635
3 4.5 2.76625e-05
3 5.5 0.000138313
3 6.5 0.000138313
3 7.5 0.000359613
3 8.5 0.00359613
3 9.5 0.00616874
3 10.5 0.00282158
3 11.5 0.000276625
3 12.5 2.76625e-05
3 13.5 0
3 14.5 2.76625e-05
3 15.5 0

4 0.5 0.0849969
4 1.5 0.740548
4 2.5 0.134862
4 3.5 0.0156049
4 4.5 4.15024e-05
4 5.5 0.000435775
4 6.5 0.000269766
4 7.5 0.000830048
4 8.5 0.00581033
4 9.5 0.0106246
4 10.5 0.00504254
4 11.5 0.000539531
4 12.5 4.15024e-05
4 13.5 0
4 14.5 4.15024e-05
4 15.5 0

5 0.5 0.0826832
5 1.5 0.719481
5 2.5 0.131835
5 3.5 0.0169981
5 4.5 6.63989e-05
5 5.5 0.000796786
5 6.5 0.000514591
5 7.5 0.00172637
5 8.5 0.0119518
5 9.5 0.021397
5 10.5 0.0100096
5 11.5 0.00134458
5 12.5 1.65997e-05
5 13.5 1.65997e-05
5 14.5 0
5 15.5 8.29986e-05

6 0.5 0.238058
6 1.5 0.379135
6 2.5 0.196377
6 3.5 0.0349786
6 4.5 0.00453055
6 5.5 0.00302267
6 6.5 0.00410862
6 7.5 0.0175896
6 8.5 0.040277
6 9.5 0.0354905
6 10.5 0.0134602
6 11.5 0.00370744
6 12.5 0.000719355
6 13.5 0.000408096
6 14.5 0.00033201
6 15.5 0.000235174

7 0.5 0.270011
7 1.5 0.39491
7 2.5 0.192919
7 3.5 0.0421212
7 4.5 0.00161275
7 5.5 0.00128071
7 6.5 0.00208116
7 7.5 0.0120245
7 8.5 0.0265274
7 9.5 0.0198333
7 10.5 0.00480268
7 11.5 0.00116213
7 12.5 0.000355754
7 13.5 0.00015416
7 14.5 0.00023124
7 15.5 0.000189735

8 0.5 0.239121
8 1.5 0.3949
8 2.5 0.224943
8 3.5 0.046507
8 4.5 0.00201347
8 5.5 0.00149972
8 6.5 0.00263619
8 7.5 0.0118629
8 8.5 0.0245509
8 9.5 0.0182198
8 10.5 0.00434868
8 11.5 0.00110533
8 12.5 0.000394391
8 13.5 0.000140113
8 14.5 0.000238711
8 15.5 0.000217953

9 0.5 0.267609
9 1.5 0.393568
9 2.5 0.20933
9 3.5 0.058445
9 4.5 0.00110256
9 5.5 0.000733503
9 6.5 0.00103336
9 7.5 0.00699827
9 8.5 0.0155973
9 9.5 0.0136229
9 10.5 0.00479776
9 11.5 0.000502842
9 12.5 5.53587e-05
9 13.5 3.22926e-05
9 14.5 4.61323e-05
9 15.5 4.1519e-05

10 0.5 0.192481
10 1.5 0.39647
10 2.5 0.276817
10 3.5 0.0577594
10 4.5 0.00244504
10 5.5 0.000942315
10 6.5 0.00190539
10 7.5 0.0105066
10 8.5 0.0209136
10 9.5 0.0152514
10 10.5 0.00376926
10 11.5 0.000489838
10 12.5 0.000174349
10 13.5 0.00014114
10 14.5 0.000257372
10 15.5 0.000203407

11 0.5 0.175674
11 1.5 0.373458
11 2.5 0.292444
11 3.5 0.0816411
11 4.5 0.0027025
11 5.5 0.000819053
11 6.5 0.00153997
11 7.5 0.00922096
11 8.5 0.0185665
11 9.5 0.0174757
11 10.5 0.0075451
11 11.5 0.000747339
11 12.5 0.000177399
11 13.5 0.000120782
11 14.5 0.000188722
11 15.5 0.000150978

12 0.5 0.202191
12 1.5 0.370535
12 2.5 0.264951
12 3.5 0.0788536
12 4.5 0.00156745
12 5.5 0.000550165
12 6.5 0.00104497
12 7.5 0.00513142
12 8.5 0.0121728
12 9.5 0.0236986
12 10.5 0.017069
12 11.5 0.00123182
12 12.5 0.000114185
12 13.5 5.53626e-05
12 14.5 5.53626e-05
12 15.5 3.46016e-05

13 0.5 0.151126
13 1.5 0.390694
13 2.5 0.313587
13 3.5 0.063605
13 4.5 0.00258778
13 5.5 0.00100316
13 6.5 0.00186256
13 7.5 0.00838951
13 8.5 0.0175138
13 9.5 0.0207278
13 10.5 0.0113223
13 11.5 0.00121082
13 12.5 0.000159739
13 13.5 0.000111818
13 14.5 0.000210856
13 15.5 0.000159739

14 0.5 0.177068
14 1.5 0.375051
14 2.5 0.295921
14 3.5 0.0836127
14 4.5 0.0019311
14 5.5 0.000533944
14 6.5 0.000872109
14 7.5 0.00439021
14 8.5 0.010756
14 9.5 0.0188156
14 10.5 0.01261
14 11.5 0.000809815
14 12.5 2.66972e-05
14 13.5 8.89907e-06
14 14.5 6.82262e-05
14 15.5 5.93271e-05

15 0.5 0.188996
15 1.5 0.388467
15 2.5 0.281992
15 3.5 0.0663988
15 4.5 0.00122658
15 5.5 0.000603601
15 6.5 0.00104661
15 7.5 0.00703001
15 8.5 0.0154057
15 9.5 0.0184513
15 10.5 0.0104827
15 11.5 0.00120443
15 12.5 7.47579e-05
15 13.5 5.26074e-05
15 14.5 5.53762e-05
15 15.5 2.76881e-05

16 0.5 0.145403
16 1.5 0.368766
16 2.5 0.320256
16 3.5 0.0862997
16 4.5 0.00257526
16 5.5 0.000636027
16 6.5 0.00158617
16 7.5 0.00892254
16 8.5 0.0177776
16 9.5 0.020275
16 10.5 0.010828
16 11.5 0.000773616
16 12.5 0.000142781
16 13.5 9.08609e-05
16 14.5 0.000166146
16 15.5 0.000140185

17 0.5 0.186207
17 1.5 0.365641
17 2.5 0.27433
17 3.5 0.0792698
17 4.5 0.00197191
17 5.5 0.000930976
17 6.5 0.00119732
17 7.5 0.00820529
17 8.5 0.0180819
17 9.5 0.0261553
17 10.5 0.017129
17 11.5 0.00172267
17 12.5 0.000114845
17 13.5 8.79662e-05
17 14.5 7.33052e-05
17 15.5 3.42091e-05

18 0.5 0.175395
18 1.5 0.362644
18 2.5 0.285208
18 3.5 0.0834972
18 4.5 0.00192945
18 5.5 0.000782397
18 6.5 0.00129707
18 7.5 0.00804784
18 8.5 0.0177989
18 9.5 0.0261699
18 10.5 0.0173374
18 11.5 0.00189945
18 12.5 0.000131553
18 13.5 6.69307e-05
18 14.5 6.46227e-05
18 15.5 4.15432e-05

19 0.5 0.140269
19 1.5 0.359735
19 2.5 0.318023
19 3.5 0.0886169
19 4.5 0.00252117
19 5.5 0.000957737
19 6.5 0.0018302
19 7.5 0.0100737
19 8.5 0.0200403
19 9.5 0.0252882
19 10.5 0.0156037
19 11.5 0.00183457
19 12.5 0.000225221
19 13.5 0.000113704
19 14.5 0.000192422
19 15.5 0.000146503

20 0.5 0.152382
20 1.5 0.367225
20 2.5 0.307504
20 3.5 0.0801486
20 4.5 0.00192789
20 5.5 0.00086007
20 6.5 0.00165574
20 7.5 0.0100882
20 8.5 0.0207082
20 9.5 0.0242959
20 10.5 0.0143324
20 11.5 0.00203592
20 12.5 0.000222289
20 13.5 9.14084e-05
20 14.5 0.000137113
20 15.5 0.000103873

21 0.5 0.138765
21 1.5 0.353174
21 2.5 0.312328
21 3.5 0.0868034
21 4.5 0.00289688
21 5.5 0.00122484
21 6.5 0.00189168
21 7.5 0.0122623
21 8.5 0.0258384
21 9.5 0.0292141
21 10.5 0.0165264
21 11.5 0.00243583
21 12.5 0.00033045
21 13.5 0.000170172
21 14.5 0.000178087
21 15.5 0.000118724

22 0.5 0.156054
22 1.5 0.375073
22 2.5 0.301223
22 3.5 0.0705385
22 4.5 0.00275051
22 5.5 0.00104278
22 6.5 0.00188531
22 7.5 0.0114535
22 8.5 0.0225727
22 9.5 0.0249246
22 10.5 0.0139112
22 11.5 0.0016794
22 12.5 0.000215356
22 13.5 0.0001039
22 14.5 0.000177574
22 15.5 0.000143571

23 0.5 0.180121
23 1.5 0.360612
23 2.5 0.275893
23 3.5 0.0807911
23 4.5 0.00199683
23 5.5 0.000957754
23 6.5 0.00171673
23 7.5 0.0126116
23 8.5 0.024692
23 9.5 0.0256768
23 10.5 0.0138513
23 11.5 0.00171492
23 12.5 0.000242149
23 13.5 0.000108425
23 14.5 0.000198779
23 15.5 0.000164445

24 0.5 0.158184
24 1.5 0.359537
24 2.5 0.30036
24 3.5 0.0872478
24 4.5 0.00242644
24 5.5 0.000839987
24 6.5 0.00166958
24 7.5 0.0111571
24 8.5 0.021611
24 9.5 0.0243839
24 10.5 0.014091
24 11.5 0.00153449
24 12.5 0.000178389
24 13.5 0.000105648
24 14.5 0.000195708
24 15.5 0.000159338

25 0.5 0.168011
25 1.5 0.371712
25 2.5 0.290353
25 3.5 0.0725429
25 4.5 0.00194381
25 5.5 0.000894585
25 6.5 0.00178086
25 7.5 0.0109063
25 8.5 0.0227338
25 9.5 0.0248888
25 10.5 0.0135651
25 11.5 0.00197873
25 12.5 0.000227803
25 13.5 0.000121384
25 14.5 0.000138012
25 15.5 9.47795e-05

26 0.5 0.149246
26 1.5 0.360424
26 2.5 0.312033
26 3.5 0.0907777
26 4.5 0.00244805
26 5.5 0.000753123
26 6.5 0.001583
26 7.5 0.0103311
26 8.5 0.0201408
26 9.5 0.0224354
26 10.5 0.0129598
26 11.5 0.00169972
26 12.5 0.000214264
26 13.5 7.51524e-05
26 14.5 0.000166295
26 15.5 0.000137513

27 0.5 0.173589
27 1.5 0.366038
27 2.5 0.290013
27 3.5 0.0837447
27 4.5 0.00192639
27 5.5 0.000748381
27 6.5 0.00124884
27 7.5 0.00993991
27 8.5 0.0201123
27 9.5 0.0218355
27 10.5 0.0120341
27 11.5 0.00133199
27 12.5 0.000113951
27 13.5 6.92945e-05
27 14.5 9.23927e-05
27 15.5 6.62148e-05

28 0.5 0.151048
28 1.5 0.367313
28 2.5 0.308672
28 3.5 0.0817648
28 4.5 0.0025979
28 5.5 0.00090013
28 6.5 0.00172451
28 7.5 0.0104466
28 8.5 0.0203836
28 9.5 0.0235133
28 10.5 0.0138525
28 11.5 0.00171559
28 12.5 0.000234687
28 13.5 0.0001218
28 14.5 0.0001827
28 15.5 0.000145566

29 0.5 0.156572
29 1.5 0.355627
29 2.5 0.303149
29 3.5 0.0921704
29 4.5 0.00205786
29 5.5 0.000788725
29 6.5 0.00141397
29 7.5 0.0112286
29 8.5 0.022612
29 9.5 0.0237105
29 10.5 0.0127917
29 11.5 0.00164485
29 12.5 0.000219409
29 13.5 0.00012763
29 14.5 0.000176388
29 15.5 0.00012046

30 0.5 0.148365
30 1.5 0.361481
30 2.5 0.304405
30 3.5 0.0805847
30 4.5 0.00258555
30 5.5 0.00130733
30 6.5 0.00201992
30 7.5 0.0126075
30 8.5 0.0255048
30 9.5 0.0277465
30 10.5 0.015548
30 11.5 0.00226808
30 12.5 0.000270339
30 13.5 0.000166363
30 14.5 0.000151113
30 15.5 0.000109522

31 0.5 0.122993
31 1.5 0.356482
31 2.5 0.334546
31 3.5 0.0923291
31 4.5 0.00273605
31 5.5 0.00108288
31 6.5 0.00177125
31 7.5 0.00998207
31 8.5 0.0203801
31 9.5 0.0257113
31 10.5 0.0161345
31 11.5 0.00222077
31 12.5 0.000253611
31 13.5 0.000135528
31 14.5 0.000147604
31 15.5 9.66137e-05

32 0.5 0.167395
32 1.5 0.358213
32 2.5 0.291178
32 3.5 0.0876205
32 4.5 0.0019057
32 5.5 0.00104514
32 6.5 0.00148452
32 7.5 0.0106607
32 8.5 0.0223289
32 9.5 0.0256073
32 10.5 0.0144877
32 11.5 0.00163141
32 12.5 0.00019109
32 13.5 0.000155992
32 14.5 0.000128693
32 15.5 7.92957e-05

33 0.5 0.139836
33 1.5 0.352445
33 2.5 0.322298
33 3.5 0.0993356
33 4.5 0.0022225
33 5.5 0.000873621
33 6.5 0.00154806
33 7.5 0.00962622
33 8.5 0.01867
33 9.5 0.0224444
33 10.5 0.0140397
33 11.5 0.00188969
33 12.5 0.000180271
33 13.5 9.32871e-05
33 14.5 0.000152537
33 15.5 0.000110936

34 0.5 0.0106778
34 1.5 0.121569
34 2.5 0.3609
34 3.5 0.337933
34 4.5 0.091274
34 5.5 0.002243
34 6.5 0.000800284
34 7.5 0.00158221
34 8.5 0.00957404
34 9.5 0.0196094
34 10.5 0.0234554
34 11.5 0.0141273
34 12.5 0.00202641
34 13.5 0.000201906
34 14.5 0.000104012
34 15.5 4.40523e-05

35 0.5 0.12004
35 1.5 0.358282
35 2.5 0.341398
35 3.5 0.0953824
35 4.5 0.00249201
35 5.5 0.000866735
35 6.5 0.00155751
35 7.5 0.00977662
35 8.5 0.0195033
35 9.5 0.023044
35 10.5 0.013693
35 11.5 0.00165381
35 12.5 0.00017834
35 13.5 0.000114138
35 14.5 0.000149806
35 15.5 9.98706e-05

36 0.5 0.131424
36 1.5 0.356948
36 2.5 0.334586
36 3.5 0.0993455
36 4.5 0.00195937
36 5.5 0.000642721
36 6.5 0.00115019
36 7.5 0.00751498
36 8.5 0.0156993
36 9.5 0.0218063
36 10.5 0.014363
36 11.5 0.00164957
36 12.5 0.000115597
36 13.5 5.43307e-05
36 14.5 5.77987e-05
36 15.5 3.35232e-05

37 0.5 0.113881
37 1.5 0.345394
37 2.5 0.348516
37 3.5 0.109362
37 4.5 0.00253874
37 5.5 0.000726641
37 6.5 0.0013093
37 7.5 0.00882993
37 8.5 0.0178826
37 9.5 0.0230366
37 10.5 0.0146273
37 11.5 0.00174349
37 12.5 0.000209219
37 13.5 0.000110233
37 14.5 0.000110233
37 15.5 6.86147e-05

38 0.5 0.112696
38 1.5 0.359823
38 2.5 0.352623
38 3.5 0.09791
38 4.5 0.00218532
38 5.5 0.000701055
38 6.5 0.00166939
38 7.5 0.00813443
38 8.5 0.0159315
38 9.5 0.0209484
38 10.5 0.0136465
38 11.5 0.00192571
38 12.5 0.000194981
38 13.5 9.85858e-05
38 14.5 0.000157737
38 15.5 0.000116112

39 0.5 0.0904227
39 1.5 0.346669
39 2.5 0.372225
39 3.5 0.110543
39 4.5 0.002862
39 5.5 0.000847606
39 6.5 0.00143474
39 7.5 0.00696873
39 8.5 0.0146687
39 9.5 0.0238248
39 10.5 0.0171549
39 11.5 0.00222256
39 12.5 0.000241258
39 13.5 0.000124899
39 14.5 0.000132372
39 15.5 8.54011e-05

40 0.5 0.123628
40 1.5 0.362254
40 2.5 0.339243
40 3.5 0.0914741
40 4.5 0.00200871
40 5.5 0.000732709
40 6.5 0.00123541
40 7.5 0.00950336
40 8.5 0.019244
40 9.5 0.0223195
40 10.5 0.0135145
40 11.5 0.00194105
40 12.5 0.000191503
40 13.5 0.000100956
40 14.5 0.000114486
40 15.5 8.53439e-05

41 0.5 0.105008
41 1.5 0.356573
41 2.5 0.359236
41 3.5 0.100496
41 4.5 0.00221602
41 5.5 0.000637793
41 6.5 0.00126644
41 7.5 0.00688268
41 8.5 0.0146408
41 9.5 0.0235465
41 10.5 0.016478
41 11.5 0.00175698
41 12.5 0.000176713
41 13.5 9.2419e-05
41 14.5 0.000144214
41 15.5 9.44502e-05

42 0.5 0.0997083
42 1.5 0.349999
42 2.5 0.359507
42 3.5 0.102274
42 4.5 0.00218344
42 5.5 0.000932075
42 6.5 0.00165691
42 7.5 0.00838967
42 8.5 0.0171105
42 9.5 0.0264214
42 10.5 0.018466
42 11.5 0.00208428
42 12.5 0.000240951
42 13.5 0.00015171
42 14.5 0.000150719
42 15.5 8.42834e-05

43 0.5 0.0964248
43 1.5 0.348394
43 2.5 0.362744
43 3.5 0.104448
43 4.5 0.00238062
43 5.5 0.000951086
43 6.5 0.00154866
43 7.5 0.00864113
43 8.5 0.0180096
43 9.5 0.0259079
43 10.5 0.0175467
43 11.5 0.00223534
43 12.5 0.000231476
43 13.5 0.000142372
43 14.5 0.000128813
43 15.5 6.29538e-05

44 0.5 0.117057
44 1.5 0.362468
44 2.5 0.351552
44 3.5 0.0976591
44 4.5 0.00164975
44 5.5 0.000572634
44 6.5 0.00111593
44 7.5 0.0072114
44 8.5 0.0143452
44 9.5 0.0195897
44 10.5 0.0133958
44 11.5 0.00185514
44 12.5 0.000128724
44 13.5 6.81481e-05
44 14.5 9.18107e-05
44 15.5 5.96296e-05

45 0.5 0.10206
45 1.5 0.348427
45 2.5 0.360297
45 3.5 0.107025
45 4.5 0.00197914
45 5.5 0.000714639
45 6.5 0.00129875
45 7.5 0.00793138
45 8.5 0.0158535
45 9.5 0.0247976
45 10.5 0.0172596
45 11.5 0.0014626
45 12.5 0.000164774
45 13.5 9.44212e-05
45 14.5 0.000122192
45 15.5 8.60899e-05

46 0.5 0.0978567
46 1.5 0.34661
46 2.5 0.362915
46 3.5 0.107823
46 4.5 0.00229404
46 5.5 0.000921057
46 6.5 0.00148257
46 7.5 0.00842446
46 8.5 0.0170328
46 9.5 0.0249147
46 10.5 0.0170645
46 11.5 0.00193993
46 12.5 0.000191094
46 13.5 0.000128604
46 14.5 0.000145811
46 15.5 9.69057e-05

47 0.5 0.0815632
47 1.5 0.343265
47 2.5 0.379057
47 3.5 0.112086
47 4.5 0.00229788
47 5.5 0.000813833
47 6.5 0.00140071
47 7.5 0.00685818
47 8.5 0.0142944
47 9.5 0.0267235
47 10.5 0.0201809
47 11.5 0.00202572
47 12.5 0.000203015
47 13.5 0.000105497
47 14.5 0.000123227
47 15.5 7.80145e-05

48 0.5 0.0811342
48 1.5 0.351145
48 2.5 0.383169
48 3.5 0.108011
48 4.5 0.00222783
48 5.5 0.000844768
48 6.5 0.0013301
48 7.5 0.00632056
48 8.5 0.0133791
48 9.5 0.0238671
48 10.5 0.0176464
48 11.5 0.0018545
48 12.5 0.000185797
48 13.5 0.000129363
48 14.5 0.000125022
48 15.5 7.20614e-05

