1 0.5 0
1 1.5 0
1 2.5 0
1 3.5 0
1 4.5 0
1 5.5 0
1 6.5 0
1 7.5 0
1 8.5 0
1 9.5 0
1 10.5 0
1 11.5 0
1 12.5 0
1 13.5 0
1 14.5 0
1 15.5 0
1 16.5 0
1 17.5 0
1 18.5 0
1 19.5 0
1 20.5 0
1 21.5 0
1 22.5 0
1 23.5 0
1 24.5 0
1 25.5 1.58244e-13
1 26.5 0.379583
1 27.5 0.379583
1 28.5 1.58244e-13
1 29.5 0
1 30.5 4.99224e-14
1 31.5 0.11975
1 32.5 0.11975
1 33.5 4.99224e-14
1 34.5 0
1 35.5 0
1 36.5 0
1 37.5 0
1 38.5 0
1 39.5 0

2 0.5 0
2 1.5 0
2 2.5 0
2 3.5 0
2 4.5 0
2 5.5 0
2 6.5 0
2 7.5 0
2 8.5 0
2 9.5 0
2 10.5 0
2 11.5 0
2 12.5 0
2 13.5 0
2 14.5 0
2 15.5 0
2 16.5 0
2 17.5 0
2 18.5 0
2 19.5 0
2 20.5 0
2 21.5 0
2 22.5 0
2 23.5 0
2 24.5 0
2 25.5 4.2834e-17
2 26.5 0.385814
2 27.5 0.385814
2 28.5 4.2834e-17
2 29.5 0
2 30.5 1.26355e-17
2 31.5 0.113811
2 32.5 0.113811
2 33.5 1.26355e-17
2 34.5 0
2 35.5 0
2 36.5 0
2 37.5 0
2 38.5 0
2 39.5 0

3 0.5 0
3 1.5 0
3 2.5 0
3 3.5 0
3 4.5 0
3 5.5 0
3 6.5 0
3 7.5 0
3 8.5 0
3 9.5 0
3 10.5 0
3 11.5 0
3 12.5 0
3 13.5 0
3 14.5 0
3 15.5 0
3 16.5 0
3 17.5 0
3 18.5 0
3 19.5 0
3 20.5 0
3 21.5 0
3 22.5 0
3 23.5 0
3 24.5 0
3 25.5 0
3 26.5 0.384434
3 27.5 0.384434
3 28.5 0
3 29.5 0
3 30.5 0
3 31.5 0.115011
3 32.5 0.115011
3 33.5 0
3 34.5 0.000111148
3 35.5 0.000111148
3 36.5 0
3 37.5 0
3 38.5 0
3 39.5 0

4 0.5 0
4 1.5 0
4 2.5 0
4 3.5 0
4 4.5 0
4 5.5 0
4 6.5 0
4 7.5 0
4 8.5 0
4 9.5 0
4 10.5 0
4 11.5 0
4 12.5 0
4 13.5 0
4 14.5 0
4 15.5 0
4 16.5 0
4 17.5 0
4 18.5 0
4 19.5 0
4 20.5 0
4 21.5 0
4 22.5 0
4 23.5 0
4 24.5 0
4 25.5 0
4 26.5 0.3834
4 27.5 0.3834
4 28.5 0
4 29.5 0
4 30.5 0
4 31.5 0.1161
4 32.5 0.1161
4 33.5 0
4 34.5 8.3375e-05
4 35.5 8.3375e-05
4 36.5 0
4 37.5 0
4 38.5 0
4 39.5 0

5 0.5 0
5 1.5 0
5 2.5 0
5 3.5 0
5 4.5 0
5 5.5 0
5 6.5 0
5 7.5 0
5 8.5 0
5 9.5 0
5 10.5 0
5 11.5 0
5 12.5 0
5 13.5 0
5 14.5 0
5 15.5 0
5 16.5 0
5 17.5 0
5 18.5 0
5 19.5 0
5 20.5 0
5 21.5 0
5 22.5 0
5 23.5 0
5 24.5 0
5 25.5 0
5 26.5 0.37971
5 27.5 0.37971
5 28.5 0
5 29.5 0
5 30.5 0
5 31.5 0.11989
5 32.5 0.11989
5 33.5 0
5 34.5 5.00167e-05
5 35.5 5.00167e-05
5 36.5 0
5 37.5 0
5 38.5 0
5 39.5 0

6 0.5 0
6 1.5 0
6 2.5 0
6 3.5 0
6 4.5 0
6 5.5 0
6 6.5 0
6 7.5 0
6 8.5 0
6 9.5 0
6 10.5 0
6 11.5 0
6 12.5 0
6 13.5 0
6 14.5 0
6 15.5 0
6 16.5 0
6 17.5 0
6 18.5 0
6 19.5 0
6 20.5 0
6 21.5 0
6 22.5 0
6 23.5 0
6 24.5 0
6 25.5 0
6 26.5 0.384178
6 27.5 0.384178
6 28.5 0
6 29.5 0
6 30.5 0
6 31.5 0.115447
6 32.5 0.115447
6 33.5 0
6 34.5 5.56034e-05
6 35.5 5.56034e-05
6 36.5 0
6 37.5 0
6 38.5 0
6 39.5 0

7 0.5 0
7 1.5 0
7 2.5 0
7 3.5 0
7 4.5 0
7 5.5 0
7 6.5 0
7 7.5 0
7 8.5 0
7 9.5 0
7 10.5 0
7 11.5 0
7 12.5 0
7 13.5 0
7 14.5 0
7 15.5 0
7 16.5 0
7 17.5 0
7 18.5 0
7 19.5 0
7 20.5 0
7 21.5 0
7 22.5 0
7 23.5 0
7 24.5 0
7 25.5 0
7 26.5 0.380598
7 27.5 0.380598
7 28.5 0
7 29.5 0
7 30.5 0
7 31.5 0.118997
7 32.5 0.118997
7 33.5 0
7 34.5 4.76656e-05
7 35.5 4.76656e-05
7 36.5 0
7 37.5 0
7 38.5 0
7 39.5 0

8 0.5 0
8 1.5 0
8 2.5 0
8 3.5 0
8 4.5 0
8 5.5 0
8 6.5 0
8 7.5 0
8 8.5 0
8 9.5 0
8 10.5 0
8 11.5 0
8 12.5 0
8 13.5 0
8 14.5 0
8 15.5 0
8 16.5 0
8 17.5 0
8 18.5 0
8 19.5 0
8 20.5 0
8 21.5 0
8 22.5 0
8 23.5 0
8 24.5 0
8 25.5 0
8 26.5 0.387223
8 27.5 0.387223
8 28.5 0
8 29.5 0
8 30.5 0
8 31.5 0.112423
8 32.5 0.112423
8 33.5 0
8 34.5 7.30018e-05
8 35.5 7.30018e-05
8 36.5 0
8 37.5 0
8 38.5 0
8 39.5 0

9 0.5 0
9 1.5 0
9 2.5 0
9 3.5 0
9 4.5 0
9 5.5 0
9 6.5 0
9 7.5 0
9 8.5 0
9 9.5 0
9 10.5 0
9 11.5 0
9 12.5 0
9 13.5 0
9 14.5 0
9 15.5 0
9 16.5 0
9 17.5 0
9 18.5 0
9 19.5 0
9 20.5 0
9 21.5 0
9 22.5 0
9 23.5 0
9 24.5 0
9 25.5 0
9 26.5 0.381659
9 27.5 0.381659
9 28.5 0
9 29.5 0
9 30.5 0
9 31.5 0.118007
9 32.5 0.118007
9 33.5 0
9 34.5 2.78143e-05
9 35.5 2.78143e-05
9 36.5 0
9 37.5 0
9 38.5 0
9 39.5 0

10 0.5 0
10 1.5 0
10 2.5 0
10 3.5 0
10 4.5 0
10 5.5 0
10 6.5 0
10 7.5 0
10 8.5 0
10 9.5 0
10 10.5 0
10 11.5 0
10 12.5 0
10 13.5 0
10 14.5 0
10 15.5 0
10 16.5 0
10 17.5 0
10 18.5 0
10 19.5 0
10 20.5 0
10 21.5 0
10 22.5 0
10 23.5 0
10 24.5 0
10 25.5 0
10 26.5 0.383527
10 27.5 0.383527
10 28.5 0
10 29.5 0
10 30.5 0
10 31.5 0.116106
10 32.5 0.116106
10 33.5 0
10 34.5 2.50371e-05
10 35.5 2.50371e-05
10 36.5 0
10 37.5 0
10 38.5 0
10 39.5 0

11 0.5 0
11 1.5 0
11 2.5 0
11 3.5 0
11 4.5 0
11 5.5 0
11 6.5 0
11 7.5 0
11 8.5 0
11 9.5 0
11 10.5 0
11 11.5 0
11 12.5 0
11 13.5 0
11 14.5 0
11 15.5 0
11 16.5 0
11 17.5 0
11 18.5 0
11 19.5 0
11 20.5 0
11 21.5 0
11 22.5 0
11 23.5 0
11 24.5 0
11 25.5 0
11 26.5 0.385072
11 27.5 0.385072
11 28.5 0
11 29.5 0
11 30.5 0
11 31.5 0.114647
11 32.5 0.114647
11 33.5 0
11 34.5 4.55311e-05
11 35.5 4.55311e-05
11 36.5 0
11 37.5 0
11 38.5 0
11 39.5 0

12 0.5 0
12 1.5 0
12 2.5 0
12 3.5 0
12 4.5 0
12 5.5 0
12 6.5 0
12 7.5 0
12 8.5 0
12 9.5 0
12 10.5 0
12 11.5 0
12 12.5 0
12 13.5 0
12 14.5 0
12 15.5 0
12 16.5 0
12 17.5 0
12 18.5 0
12 19.5 0
12 20.5 0
12 21.5 0
12 22.5 0
12 23.5 0
12 24.5 0
12 25.5 0
12 26.5 0.381283
12 27.5 0.381283
12 28.5 0
12 29.5 0
12 30.5 0
12 31.5 0.118278
12 32.5 0.118278
12 33.5 0
12 34.5 7.6542e-05
12 35.5 7.6542e-05
12 36.5 0
12 37.5 0
12 38.5 0
12 39.5 0

13 0.5 0
13 1.5 0
13 2.5 0
13 3.5 0
13 4.5 0
13 5.5 0
13 6.5 0
13 7.5 0
13 8.5 0
13 9.5 0
13 10.5 0
13 11.5 0
13 12.5 0
13 13.5 0
13 14.5 0
13 15.5 0
13 16.5 0
13 17.5 0
13 18.5 0
13 19.5 0
13 20.5 0
13 21.5 0
13 22.5 0
13 23.5 0
13 24.5 0
13 25.5 0
13 26.5 0.384795
13 27.5 0.384795
13 28.5 0
13 29.5 0
13 30.5 0
13 31.5 0.114922
13 32.5 0.114922
13 33.5 0
13 34.5 2.56967e-05
13 35.5 2.56967e-05
13 36.5 0
13 37.5 0
13 38.5 0
13 39.5 0

14 0.5 0
14 1.5 0
14 2.5 0
14 3.5 0
14 4.5 0
14 5.5 0
14 6.5 0
14 7.5 0
14 8.5 0
14 9.5 0
14 10.5 0
14 11.5 0
14 12.5 0
14 13.5 0
14 14.5 0
14 15.5 0
14 16.5 0
14 17.5 0
14 18.5 0
14 19.5 0
14 20.5 0
14 21.5 0
14 22.5 0
14 23.5 0
14 24.5 0
14 25.5 0
14 26.5 0.382595
14 27.5 0.382595
14 28.5 0
14 29.5 0
14 30.5 0
14 31.5 0.116862
14 32.5 0.116862
14 33.5 0
14 34.5 2.38652e-05
14 35.5 2.38652e-05
14 36.5 0
14 37.5 0
14 38.5 0
14 39.5 0

15 0.5 0
15 1.5 0
15 2.5 0
15 3.5 0
15 4.5 0
15 5.5 0
15 6.5 0
15 7.5 0
15 8.5 0
15 9.5 0
15 10.5 0
15 11.5 0
15 12.5 0
15 13.5 0
15 14.5 0
15 15.5 0
15 16.5 0
15 17.5 0
15 18.5 0
15 19.5 0
15 20.5 0
15 21.5 0
15 22.5 0
15 23.5 0
15 24.5 0
15 25.5 0
15 26.5 0.380395
15 27.5 0.380395
15 28.5 0
15 29.5 0
15 30.5 0
15 31.5 0.119248
15 32.5 0.119248
15 33.5 0
15 34.5 3.89864e-05
15 35.5 3.89864e-05
15 36.5 0
15 37.5 0
15 38.5 0
15 39.5 0

16 0.5 0
16 1.5 0
16 2.5 0
16 3.5 0
16 4.5 0
16 5.5 0
16 6.5 0
16 7.5 0
16 8.5 0
16 9.5 0
16 10.5 0
16 11.5 0
16 12.5 0
16 13.5 0
16 14.5 0
16 15.5 0
16 16.5 0
16 17.5 0
16 18.5 0
16 19.5 0
16 20.5 0
16 21.5 0
16 22.5 0
16 23.5 0
16 24.5 0
16 25.5 0
16 26.5 0.382993
16 27.5 0.382993
16 28.5 0
16 29.5 0
16 30.5 0
16 31.5 0.116741
16 32.5 0.116741
16 33.5 0
16 34.5 3.65501e-05
16 35.5 3.65501e-05
16 36.5 0
16 37.5 0
16 38.5 0
16 39.5 0

17 0.5 0
17 1.5 0
17 2.5 0
17 3.5 0
17 4.5 0
17 5.5 0
17 6.5 0
17 7.5 0
17 8.5 0
17 9.5 0
17 10.5 0
17 11.5 0
17 12.5 0
17 13.5 0
17 14.5 0
17 15.5 0
17 16.5 0
17 17.5 0
17 18.5 0
17 19.5 0
17 20.5 0
17 21.5 0
17 22.5 0
17 23.5 0
17 24.5 0
17 25.5 0
17 26.5 0.381553
17 27.5 0.381553
17 28.5 0
17 29.5 0
17 30.5 0
17 31.5 0.118133
17 32.5 0.118133
17 33.5 0
17 34.5 3.44166e-05
17 35.5 3.44166e-05
17 36.5 0
17 37.5 0
17 38.5 0
17 39.5 0

18 0.5 0
18 1.5 0
18 2.5 0
18 3.5 0
18 4.5 0
18 5.5 0
18 6.5 0
18 7.5 0
18 8.5 0
18 9.5 0
18 10.5 0
18 11.5 0
18 12.5 0
18 13.5 0
18 14.5 0
18 15.5 0
18 16.5 0
18 17.5 0
18 18.5 0
18 19.5 0
18 20.5 0
18 21.5 0
18 22.5 0
18 23.5 0
18 24.5 0
18 25.5 0
18 26.5 0.380359
18 27.5 0.380359
18 28.5 0
18 29.5 0
18 30.5 0
18 31.5 0.119298
18 32.5 0.119298
18 33.5 0
18 34.5 4.1792e-05
18 35.5 4.1792e-05
18 36.5 0
18 37.5 0
18 38.5 0
18 39.5 0

19 0.5 0
19 1.5 0
19 2.5 0
19 3.5 0
19 4.5 0
19 5.5 0
19 6.5 0
19 7.5 0
19 8.5 0
19 9.5 0
19 10.5 0
19 11.5 0
19 12.5 0
19 13.5 0
19 14.5 0
19 15.5 0
19 16.5 0
19 17.5 0
19 18.5 0
19 19.5 0
19 20.5 0
19 21.5 0
19 22.5 0
19 23.5 0
19 24.5 0
19 25.5 0
19 26.5 0.382652
19 27.5 0.382652
19 28.5 0
19 29.5 0
19 30.5 0
19 31.5 0.117009
19 32.5 0.117009
19 33.5 0
19 34.5 3.51933e-05
19 35.5 3.51933e-05
19 36.5 0
19 37.5 0
19 38.5 0
19 39.5 0

20 0.5 0
20 1.5 0
20 2.5 0
20 3.5 0
20 4.5 0
20 5.5 0
20 6.5 0
20 7.5 0
20 8.5 0
20 9.5 0
20 10.5 0
20 11.5 0
20 12.5 0
20 13.5 0
20 14.5 0
20 15.5 0
20 16.5 0
20 17.5 0
20 18.5 0
20 19.5 0
20 20.5 0
20 21.5 0
20 22.5 0
20 23.5 0
20 24.5 0
20 25.5 0
20 26.5 0.382857
20 27.5 0.382857
20 28.5 0
20 29.5 0
20 30.5 0
20 31.5 0.11685
20 32.5 0.11685
20 33.5 0
20 34.5 2.50796e-05
20 35.5 2.50796e-05
20 36.5 0
20 37.5 0
20 38.5 0
20 39.5 0

21 0.5 0
21 1.5 0
21 2.5 0
21 3.5 0
21 4.5 0
21 5.5 0
21 6.5 0
21 7.5 0
21 8.5 0
21 9.5 0
21 10.5 0
21 11.5 0
21 12.5 0
21 13.5 0
21 14.5 0
21 15.5 0
21 16.5 0
21 17.5 0
21 18.5 0
21 19.5 0
21 20.5 0
21 21.5 0
21 22.5 0
21 23.5 3.98416e-06
21 24.5 3.98416e-06
21 25.5 0
21 26.5 0.379443
21 27.5 0.379443
21 28.5 0
21 29.5 0
21 30.5 0
21 31.5 0.120226
21 32.5 0.120226
21 33.5 0
21 34.5 4.38257e-05
21 35.5 4.38257e-05
21 36.5 0
21 37.5 0
21 38.5 0
21 39.5 0

22 0.5 0
22 1.5 0
22 2.5 0
22 3.5 0
22 4.5 0
22 5.5 0
22 6.5 0
22 7.5 0
22 8.5 0
22 9.5 0
22 10.5 0
22 11.5 0
22 12.5 0
22 13.5 0
22 14.5 0
22 15.5 0
22 16.5 0
22 17.5 0
22 18.5 0
22 19.5 0
22 20.5 0
22 21.5 0
22 22.5 0
22 23.5 0
22 24.5 0
22 25.5 0
22 26.5 0.380899
22 27.5 0.380899
22 28.5 0
22 29.5 0
22 30.5 0
22 31.5 0.118672
22 32.5 0.118672
22 33.5 0
22 34.5 4.56444e-05
22 35.5 4.56444e-05
22 36.5 0
22 37.5 0
22 38.5 0
22 39.5 0

23 0.5 0
23 1.5 0
23 2.5 0
23 3.5 0
23 4.5 0
23 5.5 0
23 6.5 0
23 7.5 0
23 8.5 0
23 9.5 0
23 10.5 0
23 11.5 0
23 12.5 0
23 13.5 0
23 14.5 0
23 15.5 0
23 16.5 0
23 17.5 0
23 18.5 0
23 19.5 0
23 20.5 0
23 21.5 0
23 22.5 0
23 23.5 0
23 24.5 0
23 25.5 0
23 26.5 0.38129
23 27.5 0.38129
23 28.5 0
23 29.5 0
23 30.5 0
23 31.5 0.118408
23 32.5 0.118408
23 33.5 0
23 34.5 4.36675e-05
23 35.5 4.36675e-05
23 36.5 0
23 37.5 0
23 38.5 0
23 39.5 0

24 0.5 0
24 1.5 0
24 2.5 0
24 3.5 0
24 4.5 0
24 5.5 0
24 6.5 0
24 7.5 0
24 8.5 0
24 9.5 0
24 10.5 0
24 11.5 0
24 12.5 0
24 13.5 0
24 14.5 0
24 15.5 0
24 16.5 0
24 17.5 0
24 18.5 0
24 19.5 0
24 20.5 0
24 21.5 0
24 22.5 0
24 23.5 0
24 24.5 0
24 25.5 0
24 26.5 0.384313
24 27.5 0.384313
24 28.5 0
24 29.5 0
24 30.5 0
24 31.5 0.115338
24 32.5 0.115338
24 33.5 0
24 34.5 4.1841e-05
24 35.5 4.1841e-05
24 36.5 0
24 37.5 0
24 38.5 0
24 39.5 0

25 0.5 0
25 1.5 0
25 2.5 0
25 3.5 0
25 4.5 0
25 5.5 0
25 6.5 0
25 7.5 0
25 8.5 0
25 9.5 0
25 10.5 0
25 11.5 0
25 12.5 0
25 13.5 0
25 14.5 0
25 15.5 0
25 16.5 0
25 17.5 0
25 18.5 0
25 19.5 0
25 20.5 0
25 21.5 0
25 22.5 0
25 23.5 0
25 24.5 0
25 25.5 0
25 26.5 0.380699
25 27.5 0.380699
25 28.5 0
25 29.5 0
25 30.5 0
25 31.5 0.119063
25 32.5 0.119063
25 33.5 0
25 34.5 4.01811e-05
25 35.5 4.01811e-05
25 36.5 0
25 37.5 0
25 38.5 0
25 39.5 0

26 0.5 0
26 1.5 0
26 2.5 0
26 3.5 0
26 4.5 0
26 5.5 0
26 6.5 0
26 7.5 0
26 8.5 0
26 9.5 0
26 10.5 0
26 11.5 0
26 12.5 0
26 13.5 0
26 14.5 0
26 15.5 0
26 16.5 0
26 17.5 0
26 18.5 0
26 19.5 0
26 20.5 0
26 21.5 0
26 22.5 0
26 23.5 0
26 24.5 0
26 25.5 0
26 26.5 0.3803
26 27.5 0.3803
26 28.5 0
26 29.5 0
26 30.5 0
26 31.5 0.11944
26 32.5 0.11944
26 33.5 0
26 34.5 4.50825e-05
26 35.5 4.50825e-05
26 36.5 0
26 37.5 0
26 38.5 0
26 39.5 0

27 0.5 0
27 1.5 0
27 2.5 0
27 3.5 0
27 4.5 0
27 5.5 0
27 6.5 0
27 7.5 0
27 8.5 0
27 9.5 0
27 10.5 0
27 11.5 0
27 12.5 0
27 13.5 0
27 14.5 0
27 15.5 0
27 16.5 0
27 17.5 0
27 18.5 0
27 19.5 0
27 20.5 0
27 21.5 0
27 22.5 0
27 23.5 0
27 24.5 0
27 25.5 0
27 26.5 0.383823
27 27.5 0.383823
27 28.5 0
27 29.5 0
27 30.5 0
27 31.5 0.115857
27 32.5 0.115857
27 33.5 0
27 34.5 3.72292e-05
27 35.5 3.72292e-05
27 36.5 0
27 37.5 0
27 38.5 0
27 39.5 0

28 0.5 0
28 1.5 0
28 2.5 0
28 3.5 0
28 4.5 0
28 5.5 0
28 6.5 0
28 7.5 0
28 8.5 0
28 9.5 0
28 10.5 0
28 11.5 0
28 12.5 0
28 13.5 0
28 14.5 0
28 15.5 0
28 16.5 0
28 17.5 0
28 18.5 0
28 19.5 0
28 20.5 0
28 21.5 0
28 22.5 0
28 23.5 0
28 24.5 0
28 25.5 0
28 26.5 0.379959
28 27.5 0.379959
28 28.5 0
28 29.5 0
28 30.5 0
28 31.5 0.119694
28 32.5 0.119694
28 33.5 0
28 34.5 3.29028e-05
28 35.5 3.29028e-05
28 36.5 0
28 37.5 0
28 38.5 0
28 39.5 0

29 0.5 0
29 1.5 0
29 2.5 0
29 3.5 0
29 4.5 0
29 5.5 0
29 6.5 0
29 7.5 0
29 8.5 0
29 9.5 0
29 10.5 0
29 11.5 0
29 12.5 0
29 13.5 0
29 14.5 0
29 15.5 0
29 16.5 0
29 17.5 0
29 18.5 0
29 19.5 0
29 20.5 0
29 21.5 0
29 22.5 0
29 23.5 0
29 24.5 0
29 25.5 0
29 26.5 0.381877
29 27.5 0.381877
29 28.5 0
29 29.5 0
29 30.5 0
29 31.5 0.117805
29 32.5 0.117805
29 33.5 0
29 34.5 4.6231e-05
29 35.5 4.6231e-05
29 36.5 0
29 37.5 0
29 38.5 0
29 39.5 0

30 0.5 0
30 1.5 0
30 2.5 0
30 3.5 0
30 4.5 0
30 5.5 0
30 6.5 0
30 7.5 0
30 8.5 0
30 9.5 0
30 10.5 0
30 11.5 0
30 12.5 0
30 13.5 0
30 14.5 0
30 15.5 0
30 16.5 0
30 17.5 0
30 18.5 0
30 19.5 0
30 20.5 0
30 21.5 0
30 22.5 0
30 23.5 0
30 24.5 0
30 25.5 0
30 26.5 0.380292
30 27.5 0.380292
30 28.5 0
30 29.5 0
30 30.5 0
30 31.5 0.119367
30 32.5 0.119367
30 33.5 0
30 34.5 4.469e-05
30 35.5 4.469e-05
30 36.5 0
30 37.5 0
30 38.5 0
30 39.5 0

31 0.5 0
31 1.5 0
31 2.5 0
31 3.5 0
31 4.5 0
31 5.5 0
31 6.5 0
31 7.5 0
31 8.5 0
31 9.5 0
31 10.5 0
31 11.5 0
31 12.5 0
31 13.5 0
31 14.5 0
31 15.5 0
31 16.5 0
31 17.5 0
31 18.5 0
31 19.5 0
31 20.5 0
31 21.5 0
31 22.5 0
31 23.5 0
31 24.5 0
31 25.5 0
31 26.5 0.379583
31 27.5 0.379583
31 28.5 0
31 29.5 0
31 30.5 0
31 31.5 0.120081
31 32.5 0.120081
31 33.5 0
31 34.5 4.86794e-05
31 35.5 4.86794e-05
31 36.5 0
31 37.5 0
31 38.5 0
31 39.5 0

32 0.5 0
32 1.5 0
32 2.5 0
32 3.5 0
32 4.5 0
32 5.5 0
32 6.5 0
32 7.5 0
32 8.5 0
32 9.5 0
32 10.5 0
32 11.5 0
32 12.5 0
32 13.5 0
32 14.5 0
32 15.5 0
32 16.5 0
32 17.5 0
32 18.5 0
32 19.5 0
32 20.5 0
32 21.5 0
32 22.5 0
32 23.5 0
32 24.5 0
32 25.5 0
32 26.5 0.382298
32 27.5 0.382298
32 28.5 0
32 29.5 0
32 30.5 0
32 31.5 0.117241
32 32.5 0.117241
32 33.5 0
32 34.5 0.000186043
32 35.5 0.000186043
32 36.5 0
32 37.5 0
32 38.5 0
32 39.5 0

33 0.5 0
33 1.5 0
33 2.5 0
33 3.5 0
33 4.5 0
33 5.5 0
33 6.5 0
33 7.5 0
33 8.5 0
33 9.5 0
33 10.5 0
33 11.5 0
33 12.5 0
33 13.5 0
33 14.5 0
33 15.5 0
33 16.5 0
33 17.5 0
33 18.5 0
33 19.5 0
33 20.5 0
33 21.5 0
33 22.5 0
33 23.5 0
33 24.5 0
33 25.5 0
33 26.5 0.37995
33 27.5 0.37995
33 28.5 0
33 29.5 0
33 30.5 0
33 31.5 0.119671
33 32.5 0.119671
33 33.5 0
33 34.5 2.28759e-05
33 35.5 2.28759e-05
33 36.5 0
33 37.5 0
33 38.5 0
33 39.5 0

34 0.5 0
34 1.5 0
34 2.5 0
34 3.5 0
34 4.5 0
34 5.5 0
34 6.5 0
34 7.5 0
34 8.5 0
34 9.5 0
34 10.5 0
34 11.5 0
34 12.5 0
34 13.5 0
34 14.5 0
34 15.5 0
34 16.5 0
34 17.5 0
34 18.5 0
34 19.5 0
34 20.5 0
34 21.5 0
34 22.5 0
34 23.5 0
34 24.5 0
34 25.5 0
34 26.5 0.380672
34 27.5 0.380672
34 28.5 0
34 29.5 0
34 30.5 0
34 31.5 0.11892
34 32.5 0.11892
34 33.5 0
34 34.5 1.97428e-05
34 35.5 1.97428e-05
34 36.5 0
34 37.5 0
34 38.5 0
34 39.5 0

35 0.5 0
35 1.5 0
35 2.5 0
35 3.5 0
35 4.5 0
35 5.5 0
35 6.5 0
35 7.5 0
35 8.5 0
35 9.5 0
35 10.5 0
35 11.5 0
35 12.5 0
35 13.5 0
35 14.5 0
35 15.5 0
35 16.5 0
35 17.5 0
35 18.5 0
35 19.5 0
35 20.5 0
35 21.5 0
35 22.5 0
35 23.5 0
35 24.5 0
35 25.5 0
35 26.5 0.379296
35 27.5 0.379296
35 28.5 0
35 29.5 0
35 30.5 0
35 31.5 0.120402
35 32.5 0.120402
35 33.5 0
35 34.5 3.83636e-05
35 35.5 3.83636e-05
35 36.5 0
35 37.5 0
35 38.5 0
35 39.5 0

36 0.5 0
36 1.5 0
36 2.5 0
36 3.5 0
36 4.5 0
36 5.5 0
36 6.5 0
36 7.5 0
36 8.5 0
36 9.5 0
36 10.5 0
36 11.5 0
36 12.5 0
36 13.5 0
36 14.5 0
36 15.5 0
36 16.5 0
36 17.5 0
36 18.5 0
36 19.5 0
36 20.5 0
36 21.5 0
36 22.5 0
36 23.5 0
36 24.5 0
36 25.5 0
36 26.5 0.38136
36 27.5 0.38136
36 28.5 0
36 29.5 0
36 30.5 0
36 31.5 0.118342
36 32.5 0.118342
36 33.5 0
36 34.5 3.26305e-05
36 35.5 3.26305e-05
36 36.5 0
36 37.5 0
36 38.5 0
36 39.5 0

37 0.5 0
37 1.5 0
37 2.5 0
37 3.5 0
37 4.5 0
37 5.5 0
37 6.5 0
37 7.5 0
37 8.5 0
37 9.5 0
37 10.5 0
37 11.5 0
37 12.5 0
37 13.5 0
37 14.5 0
37 15.5 0
37 16.5 0
37 17.5 0
37 18.5 0
37 19.5 0
37 20.5 0
37 21.5 0
37 22.5 0
37 23.5 0
37 24.5 0
37 25.5 0
37 26.5 0.380422
37 27.5 0.380422
37 28.5 0
37 29.5 0
37 30.5 0
37 31.5 0.119299
37 32.5 0.119299
37 33.5 0
37 34.5 2.49536e-05
37 35.5 2.49536e-05
37 36.5 0
37 37.5 0
37 38.5 0
37 39.5 0

38 0.5 0
38 1.5 0
38 2.5 0
38 3.5 0
38 4.5 0
38 5.5 0
38 6.5 0
38 7.5 0
38 8.5 0
38 9.5 0
38 10.5 0
38 11.5 0
38 12.5 0
38 13.5 0
38 14.5 0
38 15.5 0
38 16.5 0
38 17.5 0
38 18.5 0
38 19.5 0
38 20.5 0
38 21.5 0
38 22.5 0
38 23.5 0
38 24.5 0
38 25.5 0
38 26.5 0.378287
38 27.5 0.378287
38 28.5 0
38 29.5 0
38 30.5 0
38 31.5 0.121386
38 32.5 0.121386
38 33.5 0
38 34.5 4.86022e-05
38 35.5 4.86022e-05
38 36.5 0
38 37.5 0
38 38.5 0
38 39.5 0

39 0.5 0
39 1.5 0
39 2.5 0
39 3.5 0
39 4.5 0
39 5.5 0
39 6.5 0
39 7.5 0
39 8.5 0
39 9.5 0
39 10.5 0
39 11.5 0
39 12.5 0
39 13.5 0
39 14.5 0
39 15.5 0
39 16.5 0
39 17.5 0
39 18.5 0
39 19.5 0
39 20.5 0
39 21.5 0
39 22.5 0
39 23.5 0
39 24.5 0
39 25.5 0
39 26.5 0.378383
39 27.5 0.378383
39 28.5 0
39 29.5 0
39 30.5 0
39 31.5 0.121301
39 32.5 0.121301
39 33.5 0
39 34.5 3.22935e-05
39 35.5 3.22935e-05
39 36.5 0
39 37.5 0
39 38.5 0
39 39.5 0

40 0.5 0
40 1.5 0
40 2.5 0
40 3.5 0
40 4.5 0
40 5.5 0
40 6.5 0
40 7.5 0
40 8.5 0
40 9.5 0
40 10.5 0
40 11.5 0
40 12.5 0
40 13.5 0
40 14.5 0
40 15.5 0
40 16.5 0
40 17.5 0
40 18.5 0
40 19.5 0
40 20.5 0
40 21.5 0
40 22.5 0
40 23.5 0
40 24.5 0
40 25.5 0
40 26.5 0.379719
40 27.5 0.379719
40 28.5 0
40 29.5 0
40 30.5 0
40 31.5 0.119943
40 32.5 0.119943
40 33.5 0
40 34.5 4.40804e-05
40 35.5 4.40804e-05
40 36.5 0
40 37.5 0
40 38.5 0
40 39.5 0

41 0.5 0
41 1.5 0
41 2.5 0
41 3.5 0
41 4.5 0
41 5.5 0
41 6.5 0
41 7.5 0
41 8.5 0
41 9.5 0
41 10.5 0
41 11.5 0
41 12.5 0
41 13.5 0
41 14.5 0
41 15.5 0
41 16.5 0
41 17.5 0
41 18.5 0
41 19.5 0
41 20.5 0
41 21.5 0
41 22.5 0
41 23.5 0
41 24.5 0
41 25.5 0
41 26.5 0.378312
41 27.5 0.378312
41 28.5 0
41 29.5 0
41 30.5 0
41 31.5 0.121346
41 32.5 0.121346
41 33.5 0
41 34.5 4.09717e-05
41 35.5 4.09717e-05
41 36.5 0
41 37.5 0
41 38.5 0
41 39.5 0

42 0.5 0
42 1.5 0
42 2.5 0
42 3.5 0
42 4.5 0
42 5.5 0
42 6.5 0
42 7.5 0
42 8.5 0
42 9.5 0
42 10.5 0
42 11.5 0
42 12.5 0
42 13.5 0
42 14.5 0
42 15.5 0
42 16.5 0
42 17.5 0
42 18.5 0
42 19.5 0
42 20.5 0
42 21.5 0
42 22.5 0
42 23.5 0
42 24.5 0
42 25.5 0
42 26.5 0.380018
42 27.5 0.380018
42 28.5 0
42 29.5 0
42 30.5 0
42 31.5 0.119592
42 32.5 0.119592
42 33.5 0
42 34.5 5.00034e-05
42 35.5 5.00034e-05
42 36.5 0
42 37.5 0
42 38.5 0
42 39.5 0

43 0.5 0
43 1.5 0
43 2.5 0
43 3.5 0
43 4.5 0
43 5.5 0
43 6.5 0
43 7.5 0
43 8.5 0
43 9.5 0
43 10.5 0
43 11.5 0
43 12.5 0
43 13.5 0
43 14.5 0
43 15.5 0
43 16.5 0
43 17.5 0
43 18.5 0
43 19.5 0
43 20.5 0
43 21.5 0
43 22.5 0
43 23.5 0
43 24.5 0
43 25.5 0
43 26.5 0.379219
43 27.5 0.379219
43 28.5 0
43 29.5 0
43 30.5 0
43 31.5 0.120473
43 32.5 0.120473
43 33.5 0
43 34.5 4.49408e-05
43 35.5 4.49408e-05
43 36.5 0
43 37.5 0
43 38.5 0
43 39.5 0

44 0.5 0
44 1.5 0
44 2.5 0
44 3.5 0
44 4.5 0
44 5.5 0
44 6.5 0
44 7.5 0
44 8.5 0
44 9.5 0
44 10.5 0
44 11.5 0
44 12.5 0
44 13.5 0
44 14.5 0
44 15.5 0
44 16.5 0
44 17.5 0
44 18.5 0
44 19.5 0
44 20.5 0
44 21.5 0
44 22.5 0
44 23.5 0
44 24.5 0
44 25.5 0
44 26.5 0.381598
44 27.5 0.381598
44 28.5 0
44 29.5 0
44 30.5 0
44 31.5 0.118118
44 32.5 0.118118
44 33.5 0
44 34.5 3.62933e-05
44 35.5 3.62933e-05
44 36.5 0
44 37.5 0
44 38.5 0
44 39.5 0

45 0.5 0
45 1.5 0
45 2.5 0
45 3.5 0
45 4.5 0
45 5.5 0
45 6.5 0
45 7.5 0
45 8.5 0
45 9.5 0
45 10.5 0
45 11.5 0
45 12.5 0
45 13.5 0
45 14.5 0
45 15.5 0
45 16.5 0
45 17.5 0
45 18.5 0
45 19.5 0
45 20.5 0
45 21.5 0
45 22.5 0
45 23.5 0
45 24.5 0
45 25.5 0
45 26.5 0.378782
45 27.5 0.378782
45 28.5 0
45 29.5 0
45 30.5 0
45 31.5 0.120927
45 32.5 0.120927
45 33.5 0
45 34.5 4.29653e-05
45 35.5 4.29653e-05
45 36.5 0
45 37.5 0
45 38.5 0
45 39.5 0

46 0.5 0
46 1.5 0
46 2.5 0
46 3.5 0
46 4.5 0
46 5.5 0
46 6.5 0
46 7.5 0
46 8.5 0
46 9.5 0
46 10.5 0
46 11.5 0
46 12.5 0
46 13.5 0
46 14.5 0
46 15.5 0
46 16.5 0
46 17.5 0
46 18.5 0
46 19.5 0
46 20.5 0
46 21.5 0
46 22.5 0
46 23.5 0
46 24.5 0
46 25.5 0
46 26.5 0.379291
46 27.5 0.379291
46 28.5 0
46 29.5 0
46 30.5 0
46 31.5 0.120426
46 32.5 0.120426
46 33.5 0
46 34.5 3.10767e-05
46 35.5 3.10767e-05
46 36.5 0
46 37.5 0
46 38.5 0
46 39.5 0

47 0.5 0
47 1.5 0
47 2.5 0
47 3.5 0
47 4.5 0
47 5.5 0
47 6.5 0
47 7.5 0
47 8.5 0
47 9.5 0
47 10.5 0
47 11.5 0
47 12.5 0
47 13.5 0
47 14.5 0
47 15.5 0
47 16.5 0
47 17.5 0
47 18.5 0
47 19.5 0
47 20.5 0
47 21.5 0
47 22.5 0
47 23.5 0
47 24.5 0
47 25.5 0
47 26.5 0.380625
47 27.5 0.380625
47 28.5 0
47 29.5 0
47 30.5 0
47 31.5 0.119055
47 32.5 0.119055
47 33.5 0
47 34.5 4.83395e-05
47 35.5 4.83395e-05
47 36.5 0
47 37.5 0
47 38.5 0
47 39.5 0

48 0.5 0
48 1.5 0
48 2.5 0
48 3.5 0
48 4.5 0
48 5.5 0
48 6.5 0
48 7.5 0
48 8.5 0
48 9.5 0
48 10.5 0
48 11.5 0
48 12.5 0
48 13.5 0
48 14.5 0
48 15.5 0
48 16.5 0
48 17.5 0
48 18.5 0
48 19.5 0
48 20.5 0
48 21.5 0
48 22.5 0
48 23.5 0
48 24.5 0
48 25.5 0
48 26.5 0.378346
48 27.5 0.378346
48 28.5 0
48 29.5 0
48 30.5 0
48 31.5 0.121279
48 32.5 0.121279
48 33.5 0
48 34.5 7.3616e-05
48 35.5 7.3616e-05
48 36.5 0
48 37.5 0
48 38.5 0
48 39.5 0

49 0.5 0
49 1.5 0
49 2.5 0
49 3.5 0
49 4.5 0
49 5.5 0
49 6.5 0
49 7.5 0
49 8.5 0
49 9.5 0
49 10.5 0
49 11.5 0
49 12.5 0
49 13.5 0
49 14.5 0
49 15.5 0
49 16.5 0
49 17.5 0
49 18.5 0
49 19.5 0
49 20.5 0
49 21.5 0
49 22.5 0
49 23.5 0
49 24.5 0
49 25.5 0
49 26.5 0.381619
49 27.5 0.381619
49 28.5 0
49 29.5 0
49 30.5 0
49 31.5 0.118032
49 32.5 0.118032
49 33.5 0
49 34.5 6.86912e-05
49 35.5 6.86912e-05
49 36.5 0
49 37.5 0
49 38.5 0
49 39.5 0

50 0.5 0
50 1.5 0
50 2.5 0
50 3.5 0
50 4.5 0
50 5.5 0
50 6.5 0
50 7.5 0
50 8.5 0
50 9.5 0
50 10.5 0
50 11.5 0
50 12.5 0
50 13.5 0
50 14.5 0
50 15.5 0
50 16.5 0
50 17.5 0
50 18.5 0
50 19.5 0
50 20.5 0
50 21.5 0
50 22.5 0
50 23.5 0
50 24.5 0
50 25.5 0
50 26.5 0.378878
50 27.5 0.378878
50 28.5 0
50 29.5 0
50 30.5 0
50 31.5 0.120314
50 32.5 0.120314
50 33.5 0
50 34.5 0.000518436
50 35.5 0.000518436
50 36.5 0
50 37.5 0
50 38.5 0
50 39.5 0

51 0.5 0
51 1.5 0
51 2.5 0
51 3.5 0
51 4.5 0
51 5.5 0
51 6.5 0
51 7.5 0
51 8.5 0
51 9.5 0
51 10.5 0
51 11.5 0
51 12.5 0
51 13.5 0
51 14.5 0
51 15.5 0
51 16.5 0
51 17.5 0
51 18.5 0
51 19.5 0
51 20.5 0
51 21.5 0
51 22.5 0
51 23.5 0
51 24.5 0
51 25.5 0
51 26.5 0.379953
51 27.5 0.379953
51 28.5 0
51 29.5 0
51 30.5 0
51 31.5 0.119713
51 32.5 0.119713
51 33.5 0
51 34.5 3.13593e-05
51 35.5 3.13593e-05
51 36.5 0
51 37.5 0
51 38.5 0
51 39.5 0

52 0.5 0
52 1.5 0
52 2.5 0
52 3.5 0
52 4.5 0
52 5.5 0
52 6.5 0
52 7.5 0
52 8.5 0
52 9.5 0
52 10.5 0
52 11.5 0
52 12.5 0
52 13.5 0
52 14.5 0
52 15.5 0
52 16.5 0
52 17.5 0
52 18.5 0
52 19.5 0
52 20.5 0
52 21.5 0
52 22.5 0
52 23.5 0
52 24.5 0
52 25.5 0
52 26.5 0.379983
52 27.5 0.379983
52 28.5 0
52 29.5 0
52 30.5 0
52 31.5 0.119682
52 32.5 0.119682
52 33.5 0
52 34.5 4.21017e-05
52 35.5 4.21017e-05
52 36.5 0
52 37.5 0
52 38.5 0
52 39.5 0

53 0.5 0
53 1.5 0
53 2.5 0
53 3.5 0
53 4.5 0
53 5.5 0
53 6.5 0
53 7.5 0
53 8.5 0
53 9.5 0
53 10.5 0
53 11.5 0
53 12.5 0
53 13.5 0
53 14.5 0
53 15.5 0
53 16.5 0
53 17.5 0
53 18.5 0
53 19.5 0
53 20.5 0
53 21.5 0
53 22.5 0
53 23.5 0
53 24.5 0
53 25.5 0
53 26.5 0.380783
53 27.5 0.380783
53 28.5 0
53 29.5 0
53 30.5 0
53 31.5 0.118892
53 32.5 0.118892
53 33.5 0
53 34.5 4.28962e-05
53 35.5 4.28962e-05
53 36.5 0
53 37.5 0
53 38.5 0
53 39.5 0

54 0.5 0
54 1.5 0
54 2.5 0
54 3.5 0
54 4.5 0
54 5.5 0
54 6.5 0
54 7.5 0
54 8.5 0
54 9.5 0
54 10.5 0
54 11.5 0
54 12.5 0
54 13.5 0
54 14.5 0
54 15.5 0
54 16.5 0
54 17.5 0
54 18.5 0
54 19.5 0
54 20.5 0
54 21.5 0
54 22.5 0
54 23.5 0
54 24.5 0
54 25.5 0
54 26.5 0.380824
54 27.5 0.380824
54 28.5 0
54 29.5 0
54 30.5 0
54 31.5 0.118867
54 32.5 0.118867
54 33.5 0
54 34.5 4.05492e-05
54 35.5 4.05492e-05
54 36.5 0
54 37.5 0
54 38.5 0
54 39.5 0

55 0.5 0
55 1.5 0
55 2.5 0
55 3.5 0
55 4.5 0
55 5.5 0
55 6.5 0
55 7.5 0
55 8.5 0
55 9.5 0
55 10.5 0
55 11.5 0
55 12.5 0
55 13.5 0
55 14.5 0
55 15.5 0
55 16.5 0
55 17.5 0
55 18.5 0
55 19.5 0
55 20.5 0
55 21.5 0
55 22.5 0
55 23.5 0
55 24.5 0
55 25.5 0
55 26.5 0.378867
55 27.5 0.378867
55 28.5 0
55 29.5 0
55 30.5 0
55 31.5 0.120855
55 32.5 0.120855
55 33.5 0
55 34.5 4.13571e-05
55 35.5 4.13571e-05
55 36.5 0
55 37.5 0
55 38.5 0
55 39.5 0

56 0.5 0
56 1.5 0
56 2.5 0
56 3.5 0
56 4.5 0
56 5.5 0
56 6.5 0
56 7.5 0
56 8.5 0
56 9.5 0
56 10.5 0
56 11.5 0
56 12.5 0
56 13.5 0
56 14.5 0
56 15.5 0
56 16.5 0
56 17.5 0
56 18.5 0
56 19.5 0
56 20.5 0
56 21.5 0
56 22.5 0
56 23.5 0
56 24.5 0
56 25.5 0
56 26.5 0.381301
56 27.5 0.381301
56 28.5 0
56 29.5 0
56 30.5 0
56 31.5 0.118378
56 32.5 0.118378
56 33.5 0
56 34.5 4.6644e-05
56 35.5 4.6644e-05
56 36.5 0
56 37.5 0
56 38.5 0
56 39.5 0

57 0.5 0
57 1.5 0
57 2.5 0
57 3.5 0
57 4.5 0
57 5.5 0
57 6.5 0
57 7.5 0
57 8.5 0
57 9.5 0
57 10.5 0
57 11.5 0
57 12.5 0
57 13.5 0
57 14.5 0
57 15.5 0
57 16.5 0
57 17.5 0
57 18.5 0
57 19.5 0
57 20.5 0
57 21.5 0
57 22.5 0
57 23.5 0
57 24.5 0
57 25.5 0
57 26.5 0.379781
57 27.5 0.379781
57 28.5 0
57 29.5 0
57 30.5 0
57 31.5 0.119916
57 32.5 0.119916
57 33.5 0
57 34.5 3.54899e-05
57 35.5 3.54899e-05
57 36.5 0
57 37.5 0
57 38.5 0
57 39.5 0

58 0.5 0
58 1.5 0
58 2.5 0
58 3.5 0
58 4.5 0
58 5.5 0
58 6.5 0
58 7.5 0
58 8.5 0
58 9.5 0
58 10.5 0
58 11.5 0
58 12.5 0
58 13.5 0
58 14.5 0
58 15.5 0
58 16.5 0
58 17.5 0
58 18.5 0
58 19.5 0
58 20.5 0
58 21.5 0
58 22.5 0
58 23.5 0
58 24.5 0
58 25.5 0
58 26.5 0.380209
58 27.5 0.380209
58 28.5 0
58 29.5 0
58 30.5 0
58 31.5 0.119477
58 32.5 0.119477
58 33.5 0
58 34.5 4.79572e-05
58 35.5 4.79572e-05
58 36.5 0
58 37.5 0
58 38.5 0
58 39.5 0

59 0.5 0
59 1.5 0
59 2.5 0
59 3.5 0
59 4.5 0
59 5.5 0
59 6.5 0
59 7.5 0
59 8.5 0
59 9.5 0
59 10.5 0
59 11.5 0
59 12.5 0
59 13.5 0
59 14.5 0
59 15.5 0
59 16.5 0
59 17.5 0
59 18.5 0
59 19.5 0
59 20.5 0
59 21.5 0
59 22.5 0
59 23.5 0
59 24.5 0
59 25.5 0
59 26.5 0.380391
59 27.5 0.380391
59 28.5 0
59 29.5 0
59 30.5 0
59 31.5 0.119291
59 32.5 0.119291
59 33.5 0
59 34.5 4.57313e-05
59 35.5 4.57313e-05
59 36.5 0
59 37.5 0
59 38.5 0
59 39.5 0

60 0.5 0
60 1.5 0
60 2.5 0
60 3.5 0
60 4.5 0
60 5.5 0
60 6.5 0
60 7.5 0
60 8.5 0
60 9.5 0
60 10.5 0
60 11.5 0
60 12.5 0
60 13.5 0
60 14.5 0
60 15.5 0
60 16.5 0
60 17.5 0
60 18.5 0
60 19.5 0
60 20.5 0
60 21.5 0
60 22.5 0
60 23.5 0
60 24.5 0
60 25.5 0
60 26.5 0.378749
60 27.5 0.378749
60 28.5 0
60 29.5 0
60 30.5 0
60 31.5 0.120933
60 32.5 0.120933
60 33.5 0
60 34.5 3.65437e-05
60 35.5 3.65437e-05
60 36.5 0
60 37.5 0
60 38.5 0
60 39.5 0

61 0.5 0
61 1.5 0
61 2.5 0
61 3.5 0
61 4.5 0
61 5.5 0
61 6.5 0
61 7.5 0
61 8.5 0
61 9.5 0
61 10.5 0
61 11.5 0
61 12.5 0
61 13.5 0
61 14.5 0
61 15.5 0
61 16.5 0
61 17.5 0
61 18.5 0
61 19.5 0
61 20.5 0
61 21.5 0
61 22.5 0
61 23.5 0
61 24.5 0
61 25.5 0
61 26.5 0.380521
61 27.5 0.380521
61 28.5 0
61 29.5 0
61 30.5 0
61 31.5 0.119181
61 32.5 0.119181
61 33.5 0
61 34.5 4.01053e-05
61 35.5 4.01053e-05
61 36.5 0
61 37.5 0
61 38.5 0
61 39.5 0

62 0.5 0
62 1.5 0
62 2.5 0
62 3.5 0
62 4.5 0
62 5.5 0
62 6.5 0
62 7.5 0
62 8.5 0
62 9.5 0
62 10.5 0
62 11.5 0
62 12.5 0
62 13.5 0
62 14.5 0
62 15.5 0
62 16.5 0
62 17.5 0
62 18.5 0
62 19.5 0
62 20.5 0
62 21.5 0
62 22.5 0
62 23.5 0
62 24.5 0
62 25.5 0
62 26.5 0.379114
62 27.5 0.379114
62 28.5 0
62 29.5 0
62 30.5 0
62 31.5 0.120579
62 32.5 0.120579
62 33.5 0
62 34.5 4.49088e-05
62 35.5 4.49088e-05
62 36.5 0
62 37.5 0
62 38.5 0
62 39.5 0

63 0.5 0
63 1.5 0
63 2.5 0
63 3.5 0
63 4.5 0
63 5.5 0
63 6.5 0
63 7.5 0
63 8.5 0
63 9.5 0
63 10.5 0
63 11.5 0
63 12.5 0
63 13.5 0
63 14.5 0
63 15.5 0
63 16.5 0
63 17.5 0
63 18.5 0
63 19.5 0
63 20.5 0
63 21.5 0
63 22.5 0
63 23.5 0
63 24.5 0
63 25.5 0
63 26.5 0.379112
63 27.5 0.379112
63 28.5 0
63 29.5 0
63 30.5 0
63 31.5 0.12058
63 32.5 0.12058
63 33.5 0
63 34.5 4.55505e-05
63 35.5 4.55505e-05
63 36.5 0
63 37.5 0
63 38.5 0
63 39.5 0

64 0.5 0
64 1.5 0
64 2.5 0
64 3.5 0
64 4.5 0
64 5.5 0
64 6.5 0
64 7.5 0
64 8.5 0
64 9.5 0
64 10.5 0
64 11.5 0
64 12.5 0
64 13.5 0
64 14.5 0
64 15.5 0
64 16.5 0
64 17.5 0
64 18.5 0
64 19.5 0
64 20.5 0
64 21.5 0
64 22.5 0
64 23.5 0
64 24.5 0
64 25.5 0
64 26.5 0.37942
64 27.5 0.37942
64 28.5 0
64 29.5 0
64 30.5 0
64 31.5 0.120274
64 32.5 0.120274
64 33.5 0
64 34.5 3.95637e-05
64 35.5 3.95637e-05
64 36.5 0
64 37.5 0
64 38.5 0
64 39.5 0

65 0.5 0
65 1.5 0
65 2.5 0
65 3.5 0
65 4.5 0
65 5.5 0
65 6.5 0
65 7.5 0
65 8.5 0
65 9.5 0
65 10.5 0
65 11.5 0
65 12.5 0
65 13.5 0
65 14.5 0
65 15.5 0
65 16.5 0
65 17.5 0
65 18.5 0
65 19.5 0
65 20.5 0
65 21.5 0
65 22.5 0
65 23.5 0
65 24.5 0
65 25.5 0
65 26.5 0.380131
65 27.5 0.380131
65 28.5 0
65 29.5 0
65 30.5 0
65 31.5 0.119529
65 32.5 0.119529
65 33.5 0
65 34.5 0.000113027
65 35.5 0.000113027
65 36.5 0
65 37.5 0
65 38.5 0
65 39.5 0

66 0.5 0
66 1.5 0
66 2.5 0
66 3.5 0
66 4.5 0
66 5.5 0
66 6.5 0
66 7.5 0
66 8.5 0
66 9.5 0
66 10.5 0
66 11.5 0
66 12.5 0
66 13.5 0
66 14.5 0
66 15.5 0
66 16.5 0
66 17.5 0
66 18.5 0
66 19.5 0
66 20.5 0
66 21.5 0
66 22.5 0
66 23.5 0
66 24.5 0
66 25.5 0
66 26.5 0.379104
66 27.5 0.379104
66 28.5 0
66 29.5 0
66 30.5 0
66 31.5 0.120599
66 32.5 0.120599
66 33.5 0
66 34.5 4.0957e-05
66 35.5 4.0957e-05
66 36.5 0
66 37.5 0
66 38.5 0
66 39.5 0

67 0.5 0
67 1.5 0
67 2.5 0
67 3.5 0
67 4.5 0
67 5.5 0
67 6.5 0
67 7.5 0
67 8.5 0
67 9.5 0
67 10.5 0
67 11.5 0
67 12.5 0
67 13.5 0
67 14.5 0
67 15.5 0
67 16.5 0
67 17.5 0
67 18.5 0
67 19.5 0
67 20.5 0
67 21.5 0
67 22.5 0
67 23.5 0
67 24.5 0
67 25.5 0
67 26.5 0.38053
67 27.5 0.38053
67 28.5 0
67 29.5 0
67 30.5 0
67 31.5 0.119109
67 32.5 0.119109
67 33.5 0
67 34.5 5.04321e-05
67 35.5 5.04321e-05
67 36.5 0
67 37.5 0
67 38.5 0
67 39.5 0

68 0.5 0
68 1.5 0
68 2.5 0
68 3.5 0
68 4.5 0
68 5.5 0
68 6.5 0
68 7.5 0
68 8.5 0
68 9.5 0
68 10.5 0
68 11.5 0
68 12.5 0
68 13.5 0
68 14.5 0
68 15.5 0
68 16.5 0
68 17.5 0
68 18.5 0
68 19.5 0
68 20.5 0
68 21.5 0
68 22.5 0
68 23.5 0
68 24.5 0
68 25.5 0
68 26.5 0.378892
68 27.5 0.378892
68 28.5 0
68 29.5 0
68 30.5 0
68 31.5 0.120825
68 32.5 0.120825
68 33.5 0
68 34.5 3.97658e-05
68 35.5 3.97658e-05
68 36.5 0
68 37.5 0
68 38.5 0
68 39.5 0

69 0.5 0
69 1.5 0
69 2.5 0
69 3.5 0
69 4.5 0
69 5.5 0
69 6.5 0
69 7.5 0
69 8.5 0
69 9.5 0
69 10.5 0
69 11.5 0
69 12.5 0
69 13.5 0
69 14.5 0
69 15.5 0
69 16.5 0
69 17.5 0
69 18.5 0
69 19.5 0
69 20.5 0
69 21.5 0
69 22.5 0
69 23.5 0
69 24.5 0
69 25.5 0
69 26.5 0.379099
69 27.5 0.379099
69 28.5 0
69 29.5 0
69 30.5 0
69 31.5 0.120451
69 32.5 0.120451
69 33.5 0
69 34.5 0.000199656
69 35.5 0.000199656
69 36.5 0
69 37.5 0
69 38.5 0
69 39.5 0

70 0.5 0
70 1.5 0
70 2.5 0
70 3.5 0
70 4.5 0
70 5.5 0
70 6.5 0
70 7.5 0
70 8.5 0
70 9.5 0
70 10.5 0
70 11.5 0
70 12.5 0
70 13.5 0
70 14.5 0
70 15.5 0
70 16.5 0
70 17.5 0
70 18.5 0
70 19.5 0
70 20.5 0
70 21.5 0
70 22.5 0
70 23.5 0
70 24.5 0
70 25.5 0
70 26.5 0.379269
70 27.5 0.379269
70 28.5 0
70 29.5 0
70 30.5 0
70 31.5 0.120362
70 32.5 0.120362
70 33.5 0
70 34.5 0.000131605
70 35.5 0.000131605
70 36.5 0
70 37.5 0
70 38.5 0
70 39.5 0

71 0.5 0
71 1.5 0
71 2.5 0
71 3.5 0
71 4.5 0
71 5.5 0
71 6.5 0
71 7.5 0
71 8.5 0
71 9.5 0
71 10.5 0
71 11.5 0
71 12.5 0
71 13.5 0
71 14.5 0
71 15.5 0
71 16.5 0
71 17.5 0
71 18.5 0
71 19.5 0
71 20.5 0
71 21.5 0
71 22.5 0
71 23.5 0
71 24.5 0
71 25.5 0
71 26.5 0.379356
71 27.5 0.379356
71 28.5 0
71 29.5 0
71 30.5 0
71 31.5 0.120253
71 32.5 0.120253
71 33.5 0
71 34.5 0.000134581
71 35.5 0.000134581
71 36.5 0
71 37.5 0
71 38.5 0
71 39.5 0

72 0.5 0
72 1.5 0
72 2.5 0
72 3.5 0
72 4.5 0
72 5.5 0
72 6.5 0
72 7.5 0
72 8.5 0
72 9.5 0
72 10.5 0
72 11.5 0
72 12.5 0
72 13.5 0
72 14.5 0
72 15.5 0
72 16.5 0
72 17.5 0
72 18.5 0
72 19.5 0
72 20.5 0
72 21.5 0
72 22.5 0
72 23.5 0
72 24.5 0
72 25.5 0
72 26.5 0.379773
72 27.5 0.379773
72 28.5 0
72 29.5 0
72 30.5 0
72 31.5 0.119922
72 32.5 0.119922
72 33.5 0
72 34.5 5.16752e-05
72 35.5 5.16752e-05
72 36.5 0
72 37.5 0
72 38.5 0
72 39.5 0

73 0.5 0
73 1.5 0
73 2.5 0
73 3.5 0
73 4.5 0
73 5.5 0
73 6.5 0
73 7.5 0
73 8.5 0
73 9.5 0
73 10.5 0
73 11.5 0
73 12.5 0
73 13.5 0
73 14.5 0
73 15.5 0
73 16.5 0
73 17.5 0
73 18.5 0
73 19.5 0
73 20.5 0
73 21.5 0
73 22.5 0
73 23.5 0
73 24.5 0
73 25.5 0
73 26.5 0.378188
73 27.5 0.378188
73 28.5 0
73 29.5 0
73 30.5 0
73 31.5 0.121534
73 32.5 0.121534
73 33.5 0
73 34.5 3.93906e-05
73 35.5 3.93906e-05
73 36.5 0
73 37.5 0
73 38.5 0
73 39.5 0

74 0.5 0
74 1.5 0
74 2.5 0
74 3.5 0
74 4.5 0
74 5.5 0
74 6.5 0
74 7.5 0
74 8.5 0
74 9.5 0
74 10.5 0
74 11.5 0
74 12.5 0
74 13.5 0
74 14.5 0
74 15.5 0
74 16.5 0
74 17.5 0
74 18.5 0
74 19.5 0
74 20.5 0
74 21.5 0
74 22.5 0
74 23.5 0
74 24.5 0
74 25.5 0
74 26.5 0.380849
74 27.5 0.380849
74 28.5 0
74 29.5 0
74 30.5 0
74 31.5 0.11887
74 32.5 0.11887
74 33.5 0
74 34.5 4.23013e-05
74 35.5 4.23013e-05
74 36.5 0
74 37.5 0
74 38.5 0
74 39.5 0

75 0.5 0
75 1.5 0
75 2.5 0
75 3.5 0
75 4.5 0
75 5.5 0
75 6.5 0
75 7.5 0
75 8.5 0
75 9.5 0
75 10.5 0
75 11.5 0
75 12.5 0
75 13.5 0
75 14.5 0
75 15.5 0
75 16.5 0
75 17.5 0
75 18.5 0
75 19.5 0
75 20.5 0
75 21.5 0
75 22.5 0
75 23.5 0
75 24.5 0
75 25.5 0
75 26.5 0.380122
75 27.5 0.380122
75 28.5 0
75 29.5 0
75 30.5 0
75 31.5 0.119601
75 32.5 0.119601
75 33.5 0
75 34.5 3.72314e-05
75 35.5 3.72314e-05
75 36.5 0
75 37.5 0
75 38.5 0
75 39.5 0

76 0.5 0
76 1.5 0
76 2.5 0
76 3.5 0
76 4.5 0
76 5.5 0
76 6.5 0
76 7.5 0
76 8.5 0
76 9.5 0
76 10.5 0
76 11.5 0
76 12.5 0
76 13.5 0
76 14.5 0
76 15.5 0
76 16.5 0
76 17.5 0
76 18.5 0
76 19.5 0
76 20.5 0
76 21.5 0
76 22.5 0
76 23.5 0
76 24.5 0
76 25.5 0
76 26.5 0.380709
76 27.5 0.380709
76 28.5 0
76 29.5 0
76 30.5 0
76 31.5 0.118952
76 32.5 0.118952
76 33.5 0
76 34.5 6.4598e-05
76 35.5 6.4598e-05
76 36.5 0
76 37.5 0
76 38.5 0
76 39.5 0

77 0.5 0
77 1.5 0
77 2.5 0
77 3.5 0
77 4.5 0
77 5.5 0
77 6.5 0
77 7.5 0
77 8.5 0
77 9.5 0
77 10.5 0
77 11.5 0
77 12.5 0
77 13.5 0
77 14.5 0
77 15.5 0
77 16.5 0
77 17.5 0
77 18.5 0
77 19.5 0
77 20.5 0
77 21.5 0
77 22.5 0
77 23.5 0
77 24.5 0
77 25.5 0
77 26.5 0.378881
77 27.5 0.378881
77 28.5 0
77 29.5 0
77 30.5 0
77 31.5 0.120819
77 32.5 0.120819
77 33.5 0
77 34.5 3.95811e-05
77 35.5 3.95811e-05
77 36.5 0
77 37.5 0
77 38.5 0
77 39.5 0

78 0.5 0
78 1.5 0
78 2.5 0
78 3.5 0
78 4.5 0
78 5.5 0
78 6.5 0
78 7.5 0
78 8.5 0
78 9.5 0
78 10.5 0
78 11.5 0
78 12.5 0
78 13.5 0
78 14.5 0
78 15.5 0
78 16.5 0
78 17.5 0
78 18.5 0
78 19.5 0
78 20.5 0
78 21.5 0
78 22.5 0
78 23.5 0
78 24.5 0
78 25.5 0
78 26.5 0.382111
78 27.5 0.382111
78 28.5 0
78 29.5 0
78 30.5 0
78 31.5 0.117523
78 32.5 0.117523
78 33.5 0
78 34.5 0.000107471
78 35.5 0.000107471
78 36.5 0
78 37.5 0
78 38.5 0
78 39.5 0

79 0.5 0
79 1.5 0
79 2.5 0
79 3.5 0
79 4.5 0
79 5.5 0
79 6.5 0
79 7.5 0
79 8.5 0
79 9.5 0
79 10.5 0
79 11.5 0
79 12.5 0
79 13.5 0
79 14.5 0
79 15.5 0
79 16.5 0
79 17.5 0
79 18.5 0
79 19.5 0
79 20.5 0
79 21.5 0
79 22.5 0
79 23.5 0
79 24.5 0
79 25.5 0
79 26.5 0.380697
79 27.5 0.380697
79 28.5 0
79 29.5 0
79 30.5 0
79 31.5 0.119027
79 32.5 0.119027
79 33.5 0
79 34.5 2.78722e-05
79 35.5 2.78722e-05
79 36.5 0
79 37.5 0
79 38.5 0
79 39.5 0

80 0.5 0
80 1.5 0
80 2.5 0
80 3.5 0
80 4.5 0
80 5.5 0
80 6.5 0
80 7.5 0
80 8.5 0
80 9.5 0
80 10.5 0
80 11.5 0
80 12.5 0
80 13.5 0
80 14.5 0
80 15.5 0
80 16.5 0
80 17.5 0
80 18.5 0
80 19.5 0
80 20.5 0
80 21.5 0
80 22.5 0
80 23.5 0
80 24.5 0
80 25.5 0
80 26.5 0.379918
80 27.5 0.379918
80 28.5 0
80 29.5 0
80 30.5 0
80 31.5 0.119759
80 32.5 0.119759
80 33.5 0
80 34.5 7.30883e-05
80 35.5 7.30883e-05
80 36.5 0
80 37.5 0
80 38.5 0
80 39.5 0

